Births By Elementary Attendance Area
8/7/2023
K in 2023
ElemName 2005 2006 2007 2008 2009 2010 2011 2012 2013 2014 2015 2016 2017 2018 2019 2020 2021 2022
Aspen Crk 53 62 52 56 65 56 51 61 67 54 70 61 66 66 48 65 57 56
BC-Creekside 6 3 5 6 2 2 2 8 3 4 6 1 4 5 3 6 2 2
BC-Mesa 26 21 22 27 25 31 24 26 23 25 17 17 16 15 8 11 18 22
Bear Creek 26 17 23 18 25 31 20 19 25 21 11 12 16 13 10 10 10 13
Birch 60 64 52 60 46 56 49 43 65 58 51 55 39 41 48 33 34 38
Coal Creek 51 72 55 54 68 68 51 66 60 63 48 47 50 43 38 37 53 52
Columbine 163 168 157 155 153 135 155 132 129 124 121 123 128 101 92 108 105 85
Creekside 166 145 156 176 159 150 130 157 157 131 158 131 125 112 95 87 84 70
Crest View 134 115 144 114 165 135 123 147 151 123 152 140 128 91 100 122 111 124
Douglass 44 47 54 57 47 47 38 52 46 47 49 45 36 44 35 39 33 42
Eisenhower 84 81 100 82 75 76 91 83 84 75 74 67 64 56 52 54 71 54
Eldorado (K-5) 76 78 65 61 58 46 40 41 46 37 29 30 29 23 37 28 49 32
Emerald 77 96 89 95 77 79 73 90 81 80 112 95 103 96 95 85 81 99
Fireside 66 57 47 53 39 48 57 45 59 45 46 40 37 22 34 38 33 20
Flatirons 61 58 56 53 47 48 47 44 41 43 43 31 39 42 29 38 33 44
Foothill 95 115 84 119 92 80 83 84 64 85 64 66 77 57 64 77 73 53
Gold Hill 3 1 1 1 0 2 2 1 3 0 1 2 3 2 2 4 4 2
Heatherwood 70 64 69 54 77 64 62 71 60 58 71 53 56 46 50 52 42 44
Jamestown 4 6 2 5 4 3 4 6 2 2 1 4 4 2 2 3 5 1
Kohl 50 50 45 57 48 42 55 59 53 59 55 56 51 47 56 53 41 53
Lafayette 122 121 113 113 102 114 124 105 89 109 100 110 95 116 109 100 93 77
Louisville 65 68 90 77 72 59 80 85 79 72 77 64 51 68 57 64 67 58
Meadowlark 36 44 34 39 40 31 38 27 24 33 28 36 52 44 61 47 66 92
Mesa 30 19 31 25 31 23 16 23 20 23 23 26 22 17 12 18 16 20
Monarch (K-5) 41 45 57 45 55 60 59 60 67 79 56 48 53 58 62 70 67 49
Nederland 101 84 65 63 63 62 53 48 55 56 55 54 53 55 47 64 58 53
Ryan 122 117 124 114 121 99 99 143 104 107 102 118 104 114 124 115 111 137
Sanchez 93 111 96 89 92 87 81 83 99 98 111 98 105 86 85 75 107 82
Superior 70 59 55 58 48 52 35 28 41 32 41 39 46 38 38 36 38 38
Whittier 114 114 115 110 115 105 87 119 115 113 106 104 83 84 90 47 83 63
Unlocated 0 3 0 0 1 0 0 0 0 0 0 0 0 0 0 0 0 0
BVSD 2,109 2,105 2,058 2,036 2,012 1,891 1,829 1,956 1,912 1,856 1,878 1,773 1,735 1,604 1,583 1,586 1,645 1,575
Boulder Total 975 920 962 939 966 880 840 913 872 825 846 771 758 639 605 630 646 592
E County Total 950 1013 963 967 920 898 890 947 934 936 946 912 888 883 890 857 881 893