Births By Elementary Attendance Area
8/12/2019
ElemName 1998 1999 2000 2001 2002 2003 2004 2005 2006 2007 2008 2009 2010 2011 2012 2013 2014 2015 2016 2017 2018
Aspen Crk 68 62 55 62 58 52 57 53 62 52 56 65 56 51 61 67 54 70 61 66 66
BC-Creekside 6 3 7 9 7 9 7 6 3 5 6 2 2 2 8 3 4 6 1 4 5
BC-Mesa 22 13 18 17 18 17 26 26 21 22 27 25 31 24 26 23 25 17 17 16 15
Bear Creek 16 21 21 24 13 19 14 26 17 23 18 25 31 20 19 25 21 11 12 16 13
Birch 67 50 67 86 71 53 58 60 64 52 60 46 56 49 43 65 58 51 55 39 41
Coal Creek 58 69 65 53 54 74 49 51 72 55 54 68 68 51 66 60 63 48 47 50 43
Columbine 143 156 173 171 180 168 175 163 168 157 155 153 135 155 132 129 124 121 123 128 101
Creekside 183 175 207 175 179 160 145 166 145 156 176 159 150 130 157 157 131 158 131 125 112
Crest View 132 130 143 128 152 117 150 134 115 144 114 165 135 123 147 151 123 152 140 128 91
Douglass 42 43 46 30 29 51 43 44 47 54 57 47 47 38 52 46 47 49 45 36 44
Eisenhower 92 84 92 73 71 92 74 84 81 100 82 75 76 91 83 84 75 74 67 64 56
Eldorado (K-5) 6 21 61 79 82 82 79 76 78 65 61 58 46 40 41 46 37 29 30 29 23
Emerald 56 79 82 73 89 72 78 77 96 89 95 77 79 73 90 81 80 112 95 103 96
Fireside 60 79 54 51 59 44 63 66 57 47 53 39 48 57 45 59 45 46 40 37 22
Flatirons 66 73 74 80 59 80 63 61 58 56 53 47 48 47 44 41 43 43 31 39 42
Foothill 85 98 85 95 90 120 100 95 115 84 119 92 80 83 84 64 85 64 66 77 57
Gold Hill 4 3 1 1 4 1 3 3 1 1 1 0 2 2 1 3 0 1 2 3 2
Heatherwood 82 66 47 91 57 70 58 70 64 69 54 77 64 62 71 60 58 71 53 56 46
Jamestown 5 1 6 7 5 5 7 4 6 2 5 4 3 4 6 2 2 1 4 4 2
Kohl 47 42 58 47 63 59 54 50 50 45 57 48 42 55 59 53 59 55 56 51 47
Lafayette 124 128 135 150 136 138 101 122 121 113 113 102 114 124 105 89 109 100 110 95 116
Louisville 78 70 76 70 80 69 74 65 68 90 77 72 59 80 85 79 72 77 64 51 68
Meadowlark 39 61 65 85 70 53 61 36 44 34 39 40 31 38 27 24 33 28 36 52 44
Mesa 43 32 39 19 26 26 33 30 19 31 25 31 23 16 23 20 23 23 26 22 17
Monarch (K-5) 73 61 69 80 66 45 47 41 45 57 45 55 60 59 60 67 79 56 48 53 58
Nederland 83 82 74 83 77 94 73 101 84 65 63 63 62 53 48 55 56 55 54 53 55
Ryan 154 145 124 147 145 117 115 122 117 124 114 121 99 99 143 104 107 102 118 104 114
Sanchez 95 108 114 104 111 93 93 93 111 96 89 92 87 81 83 99 98 111 98 105 86
Superior 104 86 117 91 74 96 76 70 59 55 58 48 52 35 28 41 32 41 39 46 38
Whittier 125 139 141 145 133 142 136 114 114 115 110 115 105 87 119 115 113 106 104 83 84
Unlocated 4 2 1 3 2 3 1 0 3 0 0 1 0 0 0 0 0 0 0 0 0
BVSD 2,162 2,182 2,317 2,329 2,260 2,221 2,113 2,109 2,105 2,058 2,036 2,012 1,891 1,829 1,956 1,912 1,856 1,878 1,773 1,735 1,604
Boulder Total 995 990 1,047 1,027 985 1,020 981 975 920 962 939 966 880 840 913 872 825 846 771 758 639
E County Total 1026 1022 1062 1044 1035 963 908 914 969 929 928 880 867 852 920 910 903 918 876 836 839