Births By Elementary Attendance Area
9/23/2017
ElemName 1996 1997 1998 1999 2000 2001 2002 2003 2004 2005 2006 2007 2008 2009 2010 2011 2012 2013 2014 2015 2016
Aspen Crk 63 64 68 62 55 62 58 52 57 53 62 52 56 65 56 51 61 67 54 70 61
BC-Creekside 3 11 6 3 7 9 7 9 7 6 3 5 6 2 2 2 8 3 4 6 1
BC-Mesa 24 26 22 13 18 17 18 17 26 26 21 22 27 25 31 24 26 23 25 17 17
Bear Creek 19 22 16 21 21 24 13 19 14 26 17 23 18 25 31 20 19 25 21 11 12
Birch 79 59 67 50 67 86 71 53 58 60 64 52 60 46 56 49 43 65 58 51 55
Coal Creek 72 61 58 69 65 53 54 74 49 51 72 55 54 68 68 51 66 60 63 48 47
Columbine 141 148 143 156 173 171 180 168 175 163 168 157 155 153 135 155 132 129 124 121 123
Creekside 167 199 183 175 207 175 179 160 145 166 145 156 176 159 150 130 157 157 131 158 131
Crest View 136 131 132 130 143 128 152 117 150 134 115 144 114 165 135 123 147 151 123 152 140
Douglass 40 45 42 43 46 30 29 51 43 44 47 54 57 47 47 38 52 46 47 49 45
Eisenhower 51 88 92 84 92 73 71 92 74 84 81 100 82 75 76 91 83 84 75 74 67
Eldorado (K-5) 0 0 6 21 61 79 82 82 79 76 78 65 61 58 46 40 41 46 37 29 30
Emerald 61 68 56 79 82 73 89 72 78 77 96 89 95 77 79 73 90 81 80 112 95
Fireside 83 66 60 79 54 51 59 44 63 66 57 47 53 39 48 57 45 59 45 46 40
Flatirons 70 67 66 73 74 80 59 80 63 61 58 56 53 47 48 47 44 41 43 43 31
Foothill 123 92 85 98 85 95 90 120 100 95 115 84 119 92 80 83 84 64 85 64 66
Gold Hill 2 1 4 3 1 1 4 1 3 3 1 1 1 0 2 2 1 3 0 1 2
Heatherwood 70 77 82 66 47 91 57 70 58 70 64 69 54 77 64 62 71 60 58 71 53
Jamestown 3 5 5 1 6 7 5 5 7 4 6 2 5 4 3 4 6 2 2 1 4
Kohl 44 51 47 42 58 47 63 59 54 50 50 45 57 48 42 55 59 53 59 55 56
Lafayette 119 114 124 128 135 150 136 138 101 122 121 113 113 102 114 124 105 89 109 100 110
Louisville 66 75 78 70 76 70 80 69 74 65 68 90 77 72 59 80 85 79 72 77 64
Meadowlark 18 18 39 61 65 85 70 53 61 36 44 34 39 40 31 38 27 24 33 28 36
Mesa 30 32 43 32 39 19 26 26 33 30 19 31 25 31 23 16 23 20 23 23 26
Monarch (K-5) 35 38 73 61 69 80 66 45 47 41 45 57 45 55 60 59 60 67 79 56 48
Nederland 88 79 83 82 74 83 77 94 73 101 84 65 63 63 62 53 48 55 56 55 54
Ryan 135 121 154 145 124 147 145 117 115 122 117 124 114 121 99 99 143 104 107 102 118
Sanchez 102 86 95 108 114 104 111 93 93 93 111 96 89 92 87 81 83 99 98 111 98
Superior 91 81 104 86 117 91 74 96 76 70 59 55 58 48 52 35 28 41 32 41 39
Whittier 137 136 125 139 141 145 133 142 136 114 114 115 110 115 105 87 119 115 113 106 104
Unlocated 4 4 4 2 1 3 2 3 1 0 3 0 0 1 0 0 0 0 0 0 0
BVSD 2,076 2,065 2,162 2,182 2,317 2,329 2,260 2,221 2,113 2,109 2,105 2,058 2,036 2,012 1,891 1,829 1,956 1,912 1,856 1,878 1,773
Boulder Total 971 1,029 995 990 1,047 1,027 985 1,020 981 975 920 962 939 966 880 840 913 872 825 846 771
E County Total 990 929 1026 1022 1062 1044 1035 963 908 914 969 929 928 880 867 852 920 910 903 918 876