   60  1256 0.97 YellowindicatesinitialAdvisorycriteriamet（<=2roundsand/or<=60%)
   62   150 0.99 BVSDCAPACITYSUMMARY2025-26
   88   147 0.98 PercentCapacitybySchool(updated1/26/2026)
   90  1193 0.97 Orangeindicatesinitial Engagementcriteriamet（<=1.5roundsand/or<=50%)
  118   962 0.97 BoxIndicates allEngagement CriteraMet(<=1.5roundsand<=50%in2023-24andprojectedfor5years)
  141  1500 0.97 Mountain orspecializedprogram(exempt)
  184  1294 1.00 PROJECTED
  186   495 0.99 ACTUAL
  206  1142 1.00 2027
  207   422 0.96 Capacity
  208   692 1.00 2025
  208   912 1.00 2026
  208  1630 1.00 2029
  209   328 0.99 2025-26
  209   532 0.99 2025-26
  209   639 1.00 %
  209   758 0.99 2026-27
  209   859 0.97 %
  209   979 0.99 2027-28
  209  1082 0.99 %
  209  1214 1.00 2028-29
  209  1329 0.98 %
  209  1397 1.00 2028
  209  1464 0.99 2029-30
  209  1572 0.98 %
  209  1705 0.99 2030-31
  209  1882 1.00 2030
  210  1820 0.99 %
  238   147 0.99 Elementary
  240   622 0.98 Cap.
  241   766 0.98 Proj.
  241   987 0.98 Proj.
  241  1223 0.98 Proj.
  241  1392 0.98 Rnds.
  241  1473 0.98 Proj.
  241  1713 0.98 Proj.
  242   536 0.99 Enroll
  242   687 0.99 Rnds.
  242   843 0.97 Cap.
  242  1627 0.99 Rnds.
  242  1878 0.99 Rnds.
  243   428 1.00 Rounds
  243   909 0.98 Rnds.
  243  1066 0.97 Cap.
  243  1314 0.95 Cap.
  243  1558 0.96 Cap.
  243  1805 0.97 Cap.
  244   315 0.99 Capacity*
  244  1140 0.99 Rnds.
  267  1253 1.00 510
  268   486 0.99 3.0
  268   719 0.88 3.1
  269   347 1.00 442
  269   551 1.00 472
  269   626 1.00 107%
  269   938 0.98 3.3
  269  1177 0.99 3.4
  269  1423 0.98 3.4
  269  1656 0.99 3.4
  269  1914 0.99 3.4
  270   847 1.00 111%
  270  1069 1.00 114%
  270  1331 0.87 115%
  270  1564 1.00 116%
  270  1812 0.94 114%
  271   148 0.99 AspenCreek
  271   800 1.00 490
  271   998 1.00 503
  271  1484 1.00 511
  271  1726 1.00 504
  291  1423 0.99 3.5
  292   486 0.99 4.0
  292   551 1.00 536
  292   719 1.00 3.6
  292   799 1.00 529
  292   940 0.99 3.5
  292   997 1.00 514
  292  1178 1.00 3.4
  292  1255 1.00 520
  292  1485 1.00 525
  292  1657 1.00 3.5
  292  1915 1.00 3.5
  293   347 1.00 590
  293   635 1.00 91%
  293   857 1.00 %06
  293  1079 1.00 87%
  293  1340 0.99 %88
  293  1574 0.98 %68
  293  1725 1.00 526
  293  1822 0.99 %68
  295   148 0.99 BCSIS-HP
  315   720 1.00 2.1
  315   940 1.00 2.0
  315  1178 1.00 2.0
  315  1424 0.99 1.9
  315  1657 0.99 2.1
  315  1915 0.99 2.1
  316   347 1.00 492
  316   486 0.99 3.5
  316   551 1.00 312
  316   799 1.00 299
  316   999 1.00 293
  316  1255 1.00 288
  316  1341 1.00 59%
  316  1485 1.00 310
  316  1726 1.00 320
  317   636 0.94 63%
  317   857 1.00 61%
  317  1080 1.00 60%
  317  1575 0.99 63%
  317  1822 0.95 65%
  318   147 0.99 BearCreek
  336  1423 0.83 1.4
  337   798 1.00 238
  337  1574 1.00 50%
  338   486 0.99 3.0
  338   720 1.00 1.7
  338   941 0.99 1.6
  338  1179 0.97 1.4
  338  1256 1.00 205
  338  1658 0.87 1.4
  338  1916 0.95 1.4
  340   348 1.00 418
  340   551 1.00 259
  340   636 0.98 62%
  340   858 0.99 57%
  340   999 1.00 215
  340  1080 0.99 51%
  340  1342 0.99 49%
  340  1485 1.00 211
  340  1726 1.00 208
  340  1822 0.99 50%
  342   148 0.99 Birch
  358   855 1.00 52%
  362   147 0.99 CoalCreek
  362   348 1.00 492
  362   486 0.99 3.5
  362   551 1.00 269
  362   720 1.00 1.8
  362   800 1.00 256
  362   941 0.92 1.7
  362   999 1.00 252
  362  1179 0.97 1.7
  362  1256 1.00 256
  362  1342 1.00 52%
  362  1424 0.96 1.7
  362  1485 1.00 251
  362  1658 0.99 1.7
  362  1725 1.00 248
  362  1822 1.00 50%
  362  1916 0.99 1.7
  363   636 0.93 55%
  363  1080 1.00 51%
  363  1574 1.00 51%
  385  1573 0.99 54%
  385  1821 1.00 55%
  386   347 1.00 590
  386   486 0.99 4.0
  386   551 1.00 313
  386   719 0.83 2.1
  386   800 1.00 322
  386   858 1.00 55%
  386   940 0.98 2.1
  386   999 1.00 322
  386  1080 0.99 55%
  386  1178 0.99 2.1
  386  1255 1.00 325
  386  1342 1.00 55%
  386  1423 0.94 2.2
  386  1485 1.00 321
  386  1656 0.94 2.1
  386  1726 1.00 322
  386  1915 0.99 2.1
  387   636 0.99 53%
  389   149 1.00 Columbine
  409   486 1.00 2.5
  409   941 1.00 12
  409  1179 0.99 11
  409  1424 0.99 11
  409  1658 0.97 11
  410   348 1.00 369
  410   552 1.00 193
  410   636 1.00 52%
  410   720 0.98 1.3
  410   801 1.00 175
  410   858 0.99 47%
  410   999 1.00 172
  410  1081 1.00 47%
  410  1256 1.00 163
  410  1343 0.99 44%
  410  1486 1.00 167
  410  1575 0.98 45%
  410  1726 1.00 167
  410  1822 0.94 45%
  411  1917 0.95 1.1
  413   148 1.00 Montessori
  433   147 0.99 Creekside
  433   486 1.00 2.5
  433   720 1.00 1.9
  433   799 1.00 277
  433   941 0.99 1.8
  433   999 1.00 252
  433  1179 0.99 1.7
  433  1255 1.00 226
  433  1424 0.98 1.5
  433  1485 1.00 223
  433  1658 0.99 1.5
  433  1916 0.98 1.4
  434   348 1.00 369
  434   551 1.00 288
  434   636 0.99 78%
  434   858 0.92 75%
  434  1080 1.00 68%
  434  1341 0.98 61%
  434  1574 0.99 60%
  434  1725 1.00 215
  434  1822 0.99 58%
  455   856 0.90 52%
  455  1079 1.00 49%
  455  1341 1.00 49%
  456   635 0.99 54%
  456  1574 0.99 50%
  457   147 0.99 CrestView
  457   347 1.00 615
  457   486 0.99 4.0
  457   551 1.00 330
  457   720 1.00 2.2
  457   799 1.00 318
  457   940 0.99 2.1
  457   999 1.00 304
  457  1178 0.99 2.0
  457  1255 1.00 300
  457  1423 0.99 2.0
  457  1485 1.00 310
  457  1725 1.00 327
  458  1657 0.97 2.1
  458  1822 0.92 53%
  458  1915 0.99 2.2
  479   486 0.99 3.0
  479   720 1.00 1.9
  479   799 1.00 278
  479  1179 1.00 1.9
  479  1255 1.00 272
  479  1424 0.99 1.8
  479  1658 0.99 1.8
  479  1916 1.00 1.9
  481   348 1.00 418
  481   551 1.00 281
  481   636 0.99 67%
  481   941 1.00 1.9
  481   998 1.00 278
  481  1080 1.00 67%
  481  1342 1.00 65%
  481  1485 1.00 277
  481  1726 1.00 284
  482   858 1.00 67%
  482  1575 0.99 66%
  482  1824 0.91 %89
  484   148 0.99 Douglass
  502   635 0.99 54%
  503   348 1.00 492
  503   486 0.99 3.5
  503   551 1.00 265
  503   720 1.00 1.8
  503   800 1.00 253
  503   858 0.99 51%
  503   941 0.99 1.7
  503   998 1.00 246
  503  1179 0.99 1.6
  503  1255 1.00 246
  503  1341 0.99 50%
  503  1424 0.99 1.6
  503  1574 0.99 50%
  503  1657 0.99 1.6
  503  1725 1.00 255
  503  1822 1.00 52%
  503  1915 0.97 1.7
  504   146 0.99 Eisenhower
  504  1080 0.99 50%
  504  1485 1.00 247
  525   635 1.00 44%
  525   857 0.99 45%
  525  1079 0.99 43%
  526  1574 0.99 44%
  527   146 0.99 Eldorado
  527   347 1.00 568
  527   486 0.99 4.0
  527   551 1.00 252
  527   799 1.00 253
  527   941 0.99 1.7
  527   999 1.00 247
  527  1179 0.99 1.6
  527  1255 0.86 248
  527  1342 0.99 44%
  527  1424 0.99 1.7
  527  1485 1.00 250
  527  1658 0.99 1.7
  527  1725 1.00 249
  528   721 1.00 1.7
  528  1822 0.96 44%
  528  1917 0.98 1.7
  550   486 0.99 2.5
  550   720 1.00 2.4
  550   940 0.99 2.4
  550  1423 1.00 22
  550  1657 0.98 2.3
  550  1822 1.00 88%
  551   348 1.00 393
  551   551 1.00 365
  551   636 0.93 93%
  551   800 1.00 355
  551   999 1.00 341
  551  1178 0.99 2.3
  551  1256 1.00 337
  551  1342 0.99 %98
  551  1485 1.00 346
  551  1575 0.98 %88
  551  1726 1.00 345
  551  1915 0.99 2.3
  552   147 0.99 Emerald
  552   858 0.99 %06
  552  1080 1.00 87%
  571   635 1.00 78%
  571  1574 1.00 69%
  572   940 0.92 2.6
  572  1178 0.99 2.5
  572  1423 0.94 2.4
  572  1657 0.98 2.4
  572  1915 0.96 2.4
  573   347 1.00 516
  573   486 1.00 3.5
  573   551 1.00 405
  573   719 1.00 2.7
  573   800 1.00 385
  573   858 1.00 75%
  573   998 1.00 373
  573  1081 1.00 72%
  573  1255 1.00 358
  573  1342 1.00 69%
  573  1485 1.00 355
  573  1726 1.00 359
  573  1822 1.00 70%
  576   147 0.99 Fireside
  593  1422 0.97 1.0
  594  1341 1.00 47%
  596   942 0.98 1.0
  596  1574 0.95 46%
  596  1658 0.96 1.0
  596  1915 0.99 1.0
  597   347 1.00 320
  597   487 1.00 2.0
  597   552 1.00 151
  597   720 1.00 1.0
  597   800 1.00 147
  597   999 1.00 154
  597  1080 1.00 48%
  597  1180 0.99 1.0
  597  1256 0.99 149
  597  1486 1.00 146
  597  1726 1.00 157
  598   146 0.99 Flatirons
  598   636 0.98 47%
  598   858 0.99 46%
  598  1822 0.96 49%
  619  1575 1.00 76%
  621   486 0.99 4.0
  621   720 1.00 2.9
  621   999 1.00 444
  621  1657 0.99 2.9
  621  1726 1.00 438
  622   145 0.99 Foothill
  622   348 1.00 565
  622   551 1.00 434
  622   637 1.00 77%
  622   800 1.00 437
  622   858 0.99 77%
  622   940 1.00 2.9
  622  1081 1.00 79%
  622  1178 0.99 3.0
  622  1256 1.00 439
  622  1342 1.00 78%
  622  1423 0.99 2.9
  622  1486 1.00 432
  622  1824 1.00 78%
  622  1915 0.99 2.9
  641   635 1.00 22%
  642  1178 1.00 0.1
  642  1423 0.99 0.1
  642  1656 0.99 0.1
  642  1821 0.99 24%
  643   486 1.00 0.5
  643   719 1.00 0.1
  643   857 0.97 27%
  643   940 1.00 0.1
  643  1006 1.00 13
  643  1080 0.97 27%
  643  1267 1.00 13
  643  1341 1.00 27%
  643  1574 0.95 24%
  643  1915 0.99 0.1
  644   353 1.00 49
  644   557 1.00 11
  644   810 1.00 13
  644  1490 1.00 12
  644  1733 1.00 12
  648   148 0.99 GoldHill
  664  1253 1.00 214
  665   797 1.00 216
  666   486 0.99 3.5
  666   551 1.00 225
  666   720 1.00 1.5
  666   941 0.91 1.4
  666  1179 0.99 14
  666  1424 0.99 14
  666  1658 0.84 1.4
  667   348 1.00 492
  667   637 1.00 46%
  667   999 1.00 209
  667  1342 0.99 43%
  667  1486 1.00 203
  667  1575 0.97 41%
  667  1726 1.00 210
  668   859 0.99 44%
  668  1081 0.99 42%
  668  1822 0.95 43%
  668  1917 1.00 14
  670   147 0.99 Heatherwood
  691   486 1.00 0.5
  691  1006 1.00 17
  691  1178 0.98 0.1
  691  1423 0.99 0.1
  691  1656 0.95 0.1
  692   145 0.99 Jamestown
  692   353 1.00 25
  692   559 1.00 17
  692   636 0.86 68%
  692   719 1.00 0.1
  692   811 0.99 19
  692   858 0.99 76%
  692   940 0.98 0.1
  692  1080 1.00 68%
  692  1268 1.00 16
  692  1341 0.94 64%
  692  1490 1.00 16
  692  1574 0.99 64%
  692  1733 1.00 14
  692  1822 0.83 56%
  692  1914 0.99 0.1
  713   856 0.99 48%
  715   347 1.00 541
  715   486 1.00 3.5
  715   551 1.00 256
  715   720 1.00 1.7
  715   799 1.00 258
  715   941 0.99 1.7
  715   999 1.00 258
  715  1179 0.97 1.7
  715  1255 1.00 256
  715  1342 1.00 47%
  715  1424 0.98 1.7
  715  1658 0.85 1.7
  715  1916 0.99 1.8
  716   146 0.96 Kohl
  716   636 0.98 47%
  716  1080 0.97 48%
  716  1485 1.00 262
  716  1575 0.98 48%
  716  1726 1.00 266
  716  1822 0.99 49%
  738   720 1.00 3.0
  738   800 1.00 454
  738   940 0.99 3.0
  738  1178 0.99 2.9
  738  1423 0.99 2.8
  738  1657 1.00 2.7
  739   145 0.99 Lafayette
  739   348 1.00 565
  739   486 0.99 4.0
  739   551 1.00 450
  739   857 0.99 %08
  739   999 1.00 435
  739  1256 1.00 420
  739  1486 1.00 411
  739  1726 1.00 392
  739  1915 0.99 2.6
  740   636 1.00 80%
  740  1080 0.86 77%
  740  1342 1.00 74%
  740  1575 0.89 73%
  740  1822 1.00 %69
  759   483 0.99 4.0
  760   940 0.99 2.5
  760  1657 0.99 2.4
  762   551 1.00 382
  762   720 1.00 2.5
  762   799 1.00 373
  762   999 1.00 363
  762  1178 1.00 2.4
  762  1255 1.00 360
  762  1423 0.96 2.4
  762  1485 1.00 355
  762  1726 1.00 343
  762  1915 0.99 2.3
  763   145 0.99 Louisville
  763   347 1.00 590
  763   636 0.90 %99
  763   858 0.84 63%
  763  1080 0.96 62%
  763  1341 1.00 61%
  763  1575 0.95 %09
  763  1822 1.00 58%
  784   940 0.99 3.2
  784  1423 0.98 3.6
  785   347 1.00 441
  785   486 1.00 3.0
  785   551 1.00 471
  785   626 1.00 107%
  785   719 0.99 3.1
  785   799 1.00 479
  785   998 1.00 511
  785  1179 1.00 3.4
  785  1255 1.00 544
  785  1485 1.00 577
  785  1657 1.00 3.8
  785  1726 1.00 605
  785  1915 1.00 4.0
  786   849 1.00 109%
  786  1070 1.00 116%
  786  1333 0.99 123%
  786  1564 1.00 131%
  786  1813 0.96 137%
  788   146 0.93 Meadowlark^
  806  1915 0.99 1.3
  807  1575 0.98 48%
  808   486 1.00 3.0
  808   720 0.99 1.5
  808   799 1.00 217
  808   941 0.98 1.4
  808  1180 0.98 1.4
  808  1424 0.87 1.4
  808  1658 1.00 13
  809   348 1.00 418
  809   551 1.00 224
  809   636 0.99 54%
  809   858 1.00 52%
  809   999 1.00 203
  809  1080 1.00 49%
  809  1256 1.00 203
  809  1342 0.99 49%
  809  1485 1.00 202
  809  1726 1.00 201
  809  1822 0.99 48%
  810   146 1.00 Mesa
  831   486 0.99 2.5
  832   348 1.00 381
  832   551 1.00 264
  832   720 1.00 1.8
  832   799 1.00 270
  832   941 1.00 1.8
  832   998 1.00 258
  832  1179 0.99 1.7
  832  1255 1.00 258
  832  1424 0.93 1.7
  832  1485 1.00 274
  832  1658 0.99 1.8
  832  1725 1.00 284
  832  1915 1.00 1.9
  833   636 1.00 %69
  833   858 0.98 71%
  833  1080 1.00 68%
  833  1342 0.98 %89
  833  1575 0.98 72%
  833  1822 0.99 75%
  835   147 0.99 Monarch
  854  1340 1.00 36%
  855   486 0.99 3.0
  855   941 0.95 1.1
  855  1179 0.97 1.1
  855  1658 0.94 1.1
  855  1821 0.97 34%
  856   347 1.00 467
  856   552 1.00 166
  856   636 0.85 36%
  856   720 0.99 1.1
  856   800 1.00 171
  856   857 1.00 37%
  856   999 1.00 166
  856  1080 0.99 36%
  856  1256 1.00 167
  856  1424 0.95 1.1
  856  1486 1.00 169
  856  1575 0.89 36%
  856  1726 1.00 160
  856  1915 0.99 11
  857   145 0.99 Nederland
  878  1484 1.00 336
  879   486 0.99 3.5
  879   720 1.00 2.5
  879   940 0.99 2.3
  880   145 0.99 Pioneer
  880   347 1.00 541
  880   551 1.00 371
  880   800 1.00 349
  880   999 1.00 341
  880  1178 0.99 2.3
  880  1255 1.00 337
  880  1342 1.00 62%
  880  1423 0.99 2.2
  880  1657 0.92 2.2
  880  1726 1.00 343
  880  1915 0.99 2.3
  881   636 0.98 69%
  881   858 1.00 65%
  881  1080 1.00 63%
  881  1575 1.00 62%
  881  1824 1.00 63%
  903   486 1.00 3.0
  903   720 1.00 2.6
  903   800 1.00 381
  903   940 0.99 2.5
  903   999 1.00 365
  903  1178 0.99 2.4
  903  1256 1.00 348
  903  1423 0.97 2.3
  903  1485 1.00 337
  903  1657 0.99 2.2
  903  1726 1.00 346
  903  1915 1.00 2.3
  904   145 1.00 Ryan
  904   347 1.00 467
  904   551 1.00 393
  904   636 0.96 84%
  904   858 0.95 82%
  904  1080 0.98 78%
  904  1341 0.90 75%
  904  1575 0.99 72%
  904  1822 0.99 74%
  924  1079 0.99 %89
  925  1574 0.99 69%
  926   146 0.99 Sanchez
  926   347 1.00 418
  926   486 1.00 3.0
  926   551 1.00 276
  926   636 1.00 66%
  926   720 1.00 1.8
  926   799 1.00 286
  926   858 0.99 %89
  926   941 0.99 1.9
  926   998 1.00 284
  926  1179 0.99 1.9
  926  1255 1.00 278
  926  1424 0.99 1.9
  926  1485 1.00 289
  926  1658 0.99 1.9
  926  1726 1.00 298
  926  1915 0.99 2.0
  928  1342 1.00 67%
  928  1822 0.99 71%
  948  1079 1.00 92%
  949   486 0.99 3.0
  949   720 1.00 2.9
  949   940 1.00 2.8
  949  1340 0.86 93%
  949  1574 0.96 90%
  950   146 0.99 Superior
  950   347 1.00 467
  950   551 1.00 433
  950   636 0.96 93%
  950   800 1.00 425
  950   998 1.00 430
  950  1178 1.00 2.9
  950  1255 1.00 434
  950  1423 0.98 2.9
  950  1486 1.00 420
  950  1657 1.00 2.8
  950  1726 1.00 433
  950  1915 0.99 2.9
  951   858 1.00 91%
  951  1822 0.99 93%
  972   719 1.00 2.5
  972   940 0.99 2.4
  973   486 0.99 4.0
  973   800 1.00 359
  973  1178 0.98 2.3
  973  1255 1.00 336
  973  1423 0.92 2.2
  973  1657 0.99 2.3
  973  1726 1.00 345
  973  1914 0.99 2.3
  974   347 1.00 590
  974   551 1.00 368
  974   636 0.90 62%
  974   857 1.00 61%
  974   998 1.00 348
  974  1080 1.00 59%
  974  1342 0.99 57%
  974  1485 1.00 338
  974  1574 1.00 57%
  974  1822 0.99 58%
  975   147 0.97 UniversityHill
  994   635 1.00 58%
  994   856 0.89 58%
  995  1573 1.00 53%
  996   551 1.00 257
  996   720 1.00 1.7
  996   800 1.00 258
  996   998 1.00 256
  996  1080 1.00 58%
  996  1179 0.98 1.7
  996  1255 1.00 247
  996  1342 1.00 56%
  996  1424 0.98 1.6
  996  1485 1.00 236
  996  1658 0.99 1.6
  996  1725 1.00 232
  996  1916 0.97 1.5
  997   488 1.00 3.0
  997   942 1.00 1.7
  997  1822 0.98 52%
  998   348 1.00 442
 1000   147 0.95 Whittier
 1023   147 0.99 Elem.Total
 1026   542 0.99 9,689
 1026   629 1.00 67%
 1026   768 0.98 9,540
 1026   849 1.00 66%
 1026   990 0.97 9,367
 1026  1071 1.00 64%
 1026  1225 0.99 9,273
 1026  1318 1.00 64%
 1026  1562 0.99 64%
 1026  1717 0.99 9,408
 1026  1809 1.00 65%
 1027   334 0.99 14,543
 1027  1476 0.97 9,319
 1052   149 0.95 programcapacity based on current use of thebuilding
 1076   147 0.97 Additional4portableclassroomsnotincludedincapacity(addsapproximately100seats)
 1137    76 0.99 BVSD
