   67   136 0.99 BVSDCAPACITYSUMMARY2024-25
   67  1300 0.97 YellowindcatesinitialAdvisorycriteriamet（<=2roundsand/or<=60%)
   90   135 0.98 PercentCapacitybySchool(updated1/24/2025)
  145  1543 0.99 Mountainorspecializedprogram(exempt)
  188   491 1.00 ACTUAL
  188  1318 1.00 PROJECTED
  210   419 1.00 Capacity
  210   696 1.00 2024
  210   921 1.00 2025
  212   529 1.00 2024-25
  212   641 1.00 %
  212   763 1.00 2025-26
  212   989 1.00 2026-27
  212  1094 1.00 %
  212  1156 1.00 2026
  212  1228 1.00 2027-28
  212  1349 1.00 %
  212  1604 1.00 %
  212  1863 1.00 %
  213   868 0.97 %
  213  1422 1.00 2027
  213  1490 1.00 2028-29
  213  1665 1.00 2028
  213  1742 1.00 2029-30
  213  1928 1.00 2029
  214   319 1.00 2024-25
  236   852 0.98 Cap.
  236  1243 0.99 Proj.
  238   626 0.99 Cap.
  238   777 0.99 Proj.
  238  1080 0.99 Cap.
  238  1335 0.99 Cap.
  238  1591 0.99 Cap.
  239   307 0.98 Capacity*
  239   689 1.00 Rnds.
  239  1004 0.99 Proj.
  239  1505 0.99 Proj.
  239  1756 0.99 Proj.
  239  1848 0.98 Cap.
  240   133 1.00 Elementary
  240   424 1.00 Rounds
  240   539 1.00 Enroll
  241  1416 0.99 Rnds.
  242   917 0.99 Rnds.
  242  1152 0.99 Rnds.
  242  1661 1.00 Rnds.
  242  1924 0.99 Rnds.
  268   638 1.00 96%
  268   725 1.00 3.0
  269   342 1.00 461
  269   484 1.00 3.0
  269   553 1.00 443
  269   950 0.99 3.1
  269  1013 1.00 467
  269  1193 0.99 3.1
  269  1450 0.99 3.1
  269  1694 0.99 3.1
  269  1766 1.00 477
  269  1964 1.00 3.2
  270   812 1.00 462
  270   855 0.88 100%
  270  1083 1.00 101%
  270  1275 1.00 470
  270  1355 1.00 102%
  270  1513 0.99 471
  270  1599 1.00 102%
  270  1857 1.00 103%
  271   133 1.00 AspenCreek
  290   725 1.00 3.4
  291   486 1.00 4.0
  291  1964 1.00 3.4
  292   342 1.00 590
  292   553 1.00 511
  292   812 1.00 509
  292   952 1.00 3.4
  292  1013 1.00 516
  292  1193 1.00 3.4
  292  1275 1.00 508
  292  1450 1.00 3.4
  292  1514 1.00 509
  292  1695 1.00 3.4
  292  1766 1.00 512
  293   640 0.98 87%
  293   866 1.00 86%
  293  1092 0.90 87%
  293  1365 0.93 86%
  293  1609 1.00 86%
  293  1867 0.89 87%
  295   134 1.00 BCSIS-HP
  314   726 1.00 2.1
  314   952 1.00 2.1
  315   486 1.00 3.5
  315  1014 1.00 302
  315  1194 1.00 2.0
  315  1276 1.00 290
  315  1365 1.00 59%
  315  1450 1.00 1.9
  315  1514 1.00 274
  315  1696 0.99 1.8
  315  1766 1.00 272
  315  1964 1.00 1.8
  316   342 1.00 492
  316   554 1.00 318
  316   640 0.98 65%
  316   812 1.00 308
  316   867 0.95 63%
  316  1093 1.00 61%
  316  1610 0.96 56%
  316  1868 1.00 55%
  319   134 1.00 BearCreek
  336   866 1.00 64%
  336  1093 1.00 63%
  336  1867 1.00 58%
  337   727 1.00 1.8
  337  1193 1.00 1.7
  337  1276 1.00 251
  337  1450 1.00 1.7
  337  1515 1.00 241
  337  1695 1.00 1.6
  337  1964 1.00 1.6
  338   342 1.00 418
  338   486 1.00 3.0
  338   554 1.00 275
  338   641 1.00 66%
  338   812 1.00 269
  338   953 1.00 1.8
  338  1015 1.00 262
  338  1365 0.88 60%
  338  1610 0.96 58%
  338  1766 1.00 242
  342   133 1.00 Birch
  360   639 0.96 58%
  360   727 1.00 1.9
  360  1193 1.00 1.7
  360  1274 1.00 240
  361   486 1.00 3.5
  361   812 1.00 268
  361   953 1.00 1.8
  361  1014 1.00 248
  361  1450 1.00 1.6
  361  1515 1.00 242
  361  1695 1.00 1.6
  361  1766 1.00 247
  361  1964 1.00 1.6
  362   342 1.00 492
  362   554 1.00 283
  362   867 1.00 54%
  362  1093 1.00 50%
  362  1366 1.00 49%
  362  1610 0.99 49%
  362  1867 1.00 50%
  363   132 0.98 Coal Creek
  383   866 1.00 59%
  383   950 1.00 2.3
  384   486 0.99 4.0
  384   727 1.00 2.3
  384  1194 1.00 2.3
  384  1450 1.00 2.2
  384  1695 1.00 2.1
  384  1964 1.00 2.0
  385   131 1.00 Columbine
  385   342 1.00 590
  385   554 1.00 343
  385   641 1.00 58%
  385   812 1.00 347
  385  1014 1.00 345
  385  1276 1.00 333
  385  1365 0.98 56%
  385  1515 1.00 310
  385  1766 1.00 294
  385  1868 1.00 50%
  386  1094 0.97 58%
  386  1610 1.00 53%
  406   640 1.00 59%
  407   727 1.00 1.5
  407  1093 1.00 59%
  408   342 1.00 392
  408   486 1.00 2.5
  408   554 1.00 232
  408   812 1.00 232
  408   953 1.00 1.5
  408  1015 1.00 233
  408  1193 1.00 1.6
  408  1276 1.00 237
  408  1450 1.00 1.6
  408  1515 1.00 238
  408  1695 1.00 1.6
  408  1766 1.00 240
  408  1964 1.00 1.6
  409   867 1.00 59%
  409  1366 1.00 60%
  409  1610 0.86 61%
  409  1868 0.93 61%
  412   134 0.99 Montessori
  429  1448 1.00 1.8
  432   342 1.00 369
  432   486 1.00 2.5
  432   554 1.00 327
  432   641 1.00 89%
  432   727 1.00 2.2
  432   812 1.00 310
  432   952 1.00 2.1
  432  1015 1.00 296
  432  1094 1.00 80%
  432  1194 1.00 2.0
  432  1276 1.00 268
  432  1366 1.00 73%
  432  1515 1.00 244
  432  1610 1.00 66%
  432  1695 1.00 1.6
  432  1767 1.00 229
  432  1868 1.00 62%
  432  1964 1.00 1.5
  433   867 1.00 84%
  435   133 1.00 Creekside
  455   486 1.00 4.0
  455   727 1.00 2.6
  455   953 1.00 2.4
  455  1194 1.00 2.4
  455  1276 1.00 343
  455  1450 0.99 2.3
  455  1695 1.00 2.2
  456   131 0.99 CrestView
  456   342 1.00 615
  456   554 1.00 390
  456   641 1.00 63%
  456   813 1.00 362
  456   867 1.00 59%
  456  1015 1.00 361
  456  1094 1.00 59%
  456  1365 0.97 56%
  456  1515 1.00 332
  456  1610 1.00 54%
  456  1767 1.00 335
  456  1868 1.00 54%
  456  1964 1.00 2.2
  475  1191 1.00 1.8
  475  1448 1.00 1.8
  477   727 1.00 1.9
  477   812 1.00 272
  477   953 1.00 1.8
  477  1014 1.00 273
  477  1695 1.00 1.8
  478   342 1.00 418
  478   554 1.00 282
  478   641 1.00 67%
  478   867 0.97 65%
  478  1094 1.00 65%
  478  1276 1.00 270
  478  1366 1.00 65%
  478  1515 1.00 263
  478  1611 1.00 63%
  478  1767 1.00 260
  478  1868 1.00 62%
  479   487 1.00 3.0
  479  1965 1.00 1.7
  481   133 1.00 Douglass
  499   639 1.00 56%
  499   864 1.00 54%
  499  1092 1.00 52%
  499  1609 1.00 52%
  500   727 1.00 1.8
  500  1364 0.99 52%
  500  1695 1.00 1.7
  501   342 1.00 492
  501   486 1.00 3.5
  501   554 1.00 276
  501   812 1.00 267
  501   953 1.00 1.8
  501  1015 1.00 255
  501  1193 1.00 1.7
  501  1276 1.00 258
  501  1515 1.00 257
  501  1767 1.00 258
  501  1867 1.00 52%
  502   132 1.00 Eisenhower
  502  1451 1.00 1.7
  502  1965 1.00 1.7
  522  1448 1.00 1.6
  523   727 1.00 1.7
  524   486 1.00 4.0
  524   953 1.00 1.7
  524  1015 1.00 242
  524  1194 0.99 1.6
  524  1515 1.00 247
  524  1695 1.00 1.6
  525   131 0.99 Eldorado
  525   342 1.00 568
  525   554 1.00 256
  525   641 1.00 45%
  525   813 1.00 250
  525   867 1.00 44%
  525  1094 1.00 43%
  525  1276 1.00 239
  525  1366 1.00 42%
  525  1611 1.00 43%
  525  1766 1.00 256
  525  1868 1.00 45%
  526  1965 1.00 1.7
  546   950 1.00 2.4
  547   727 1.00 2.3
  547  1093 1.00 89%
  548   342 1.00 393
  548   486 1.00 2.5
  548   554 1.00 348
  548   641 1.00 89%
  548   813 1.00 353
  548  1014 1.00 348
  548  1194 0.97 2.3
  548  1276 1.00 348
  548  1450 1.00 2.3
  548  1515 1.00 350
  548  1695 0.99 2.3
  548  1767 1.00 365
  548  1964 1.00 2.4
  549   867 0.99 90%
  549  1366 0.94 89%
  549  1611 0.84 89%
  549  1868 0.97 93%
  550   132 1.00 Emerald
  570  1194 1.00 2.5
  570  1450 1.00 2.4
  570  1695 1.00 2.2
  571   486 1.00 3.5
  571   554 1.00 397
  571   727 1.00 2.6
  571   812 1.00 396
  571   952 1.00 2.6
  571  1014 1.00 375
  571  1276 1.00 358
  571  1515 1.00 333
  571  1767 1.00 326
  571  1964 1.00 2.2
  572   131 1.00 Fireside
  572   342 1.00 516
  572   641 1.00 77%
  572   867 1.00 77%
  572  1094 1.00 73%
  572  1365 0.98 69%
  572  1610 1.00 65%
  572  1868 0.95 63%
  592  1092 1.00 51%
  592  1364 1.00 55%
  592  1867 1.00 53%
  593   727 1.00 1.1
  593   866 1.00 52%
  593   952 1.00 1.1
  593  1450 1.00 1.2
  593  1695 0.98 1.1
  594   342 1.00 320
  594   486 1.00 2.0
  594   554 1.00 163
  594   640 1.00 51%
  594   812 1.00 165
  594  1015 1.00 164
  594  1193 0.99 1.1
  594  1276 1.00 175
  594  1515 1.00 169
  594  1610 0.93 53%
  594  1767 1.00 169
  596   131 0.99 Flatirons
  596  1965 0.99 1.1
  616   640 1.00 74%
  616  1093 1.00 74%
  617   342 1.00 565
  617   486 1.00 4.0
  617   727 1.00 2.8
  617   812 1.00 422
  617   952 1.00 2.8
  617  1015 1.00 418
  617  1194 1.00 2.8
  617  1276 1.00 402
  617  1450 1.00 2.7
  617  1514 1.00 376
  617  1695 1.00 2.5
  617  1964 1.00 2.4
  618   554 1.00 418
  618   867 0.99 75%
  618  1365 0.99 71%
  618  1610 0.93 67%
  618  1767 1.00 353
  618  1868 0.99 62%
  619   132 0.94 Foothill
  639   726 1.00 0.1
  639   952 1.00 0.1
  639  1193 1.00 0.1
  639  1450 1.00 0.1
  639  1695 1.00 0.1
  639  1867 1.00 20%
  640   347 1.00 49
  640   640 1.00 20%
  640   867 1.00 20%
  640  1094 1.00 24%
  640  1365 1.00 24%
  640  1610 0.99 20%
  641   131 0.96 Gold Hill
  641   487 1.00 0.5
  641   559 1.00 10
  641   823 1.00 10
  641  1020 1.00 12
  641  1287 1.00 12
  641  1521 1.00 10
  641  1774 1.00 10
  641  1964 1.00 0.1
  660  1192 0.86 1.5
  662   486 1.00 3.5
  662   812 1.00 228
  663   343 1.00 492
  663   554 1.00 233
  663  1015 1.00 224
  663  1276 1.00 213
  663  1697 1.00 1.4
  663  1766 1.00 211
  664   641 1.00 47%
  664   953 0.99 1.5
  664  1094 1.00 46%
  664  1450 0.99 1.4
  664  1514 1.00 215
  664  1610 1.00 44%
  664  1867 0.85 43%
  665   728 1.00 1.6
  665   867 1.00 46%
  665  1365 1.00 43%
  666   132 0.98 Heatherwood^
  666  1965 0.99 1.4
  686   867 1.00 64%
  686  1609 1.00 68%
  686  1866 0.98 68%
  687   486 1.00 0.5
  687   726 1.00 0.1
  688   560 1.00 17
  688   640 0.97 68%
  688   950 1.00 0.1
  688  1020 1.00 17
  688  1094 1.00 68%
  688  1193 1.00 0.1
  688  1287 1.00 16
  688  1365 0.95 64%
  688  1449 1.00 0.1
  688  1521 1.00 17
  688  1694 1.00 0.1
  688  1772 1.00 17
  688  1963 1.00 0.1
  689   132 0.99 Jamestown
  689   347 1.00 25
  689   823 1.00 16
  709   727 1.00 1.7
  709  1695 1.00 1.5
  709  1964 1.00 1.5
  711   342 1.00 516
  711   486 1.00 3.5
  711   554 1.00 254
  711   641 1.00 49%
  711   812 1.00 247
  711   868 1.00 48%
  711   953 1.00 1.6
  711  1015 1.00 245
  711  1094 1.00 47%
  711  1193 1.00 1.6
  711  1276 1.00 237
  711  1365 0.94 46%
  711  1450 1.00 1.6
  711  1515 1.00 227
  711  1610 0.99 44%
  711  1766 1.00 227
  711  1868 1.00 44%
  714   132 0.98 Kohl
  732   552 1.00 465
  732   640 1.00 82%
  733   486 1.00 4.0
  733   726 1.00 3.1
  733   813 1.00 464
  733   952 1.00 3.1
  733  1015 1.00 478
  733  1194 0.99 3.2
  733  1276 1.00 460
  733  1450 1.00 3.1
  733  1515 1.00 435
  733  1695 1.00 2.9
  733  1767 1.00 423
  734   131 0.99 Lafayette
  734   342 1.00 565
  734   867 0.98 82%
  734  1094 1.00 85%
  734  1365 0.96 81%
  734  1611 1.00 77%
  734  1868 0.99 75%
  736  1965 1.00 2.8
  756   727 1.00 2.8
  756   952 1.00 2.7
  756  1194 1.00 2.6
  756  1450 1.00 2.4
  756  1695 1.00 2.5
  756  1965 1.00 2.4
  757   342 1.00 615
  757   486 1.00 4.0
  757   554 1.00 417
  757   641 1.00 68%
  757   812 1.00 407
  757   868 1.00 66%
  757  1015 1.00 388
  757  1094 1.00 63%
  757  1276 1.00 367
  757  1365 0.96 60%
  757  1515 1.00 370
  757  1610 0.88 60%
  757  1767 1.00 366
  757  1867 1.00 60%
  760   133 1.00 Louisville
  778  1962 1.00 3.9
  779   726 1.00 3.1
  779  1194 1.00 3.1
  780   342 1.00 441
  780   486 1.00 3.0
  780   812 1.00 453
  780   952 1.00 3.0
  780  1276 1.00 497
  780  1450 1.00 3.3
  780  1515 1.00 537
  780  1600 1.00 122%
  780  1695 1.00 3.6
  780  1766 1.00 582
  781   554 1.00 468
  781   630 0.99 106%
  781   858 1.00 103%
  781  1016 1.00 461
  781  1084 1.00 105%
  781  1355 0.93 113%
  781  1858 1.00 132%
  782   133 0.99 Meadowlark
  802  1866 1.00 54%
  803   727 1.00 1.5
  803   812 1.00 230
  803   953 1.00 1.5
  803  1015 1.00 220
  803  1193 1.00 1.5
  803  1450 1.00 1.5
  803  1695 0.99 1.4
  804   132 1.00 Mesa
  804   342 1.00 418
  804   554 1.00 230
  804   640 1.00 55%
  804   867 0.98 55%
  804  1093 0.99 53%
  804  1276 0.89 218
  804  1365 0.99 52%
  804  1515 1.00 216
  804  1610 1.00 52%
  804  1767 1.00 224
  804  1964 1.00 1.5
  805   487 1.00 3.0
  824  1365 1.00 75%
  824  1610 1.00 76%
  826   812 1.00 257
  827   342 1.00 381
  827   486 1.00 2.5
  827   554 1.00 264
  827   641 1.00 69%
  827   727 1.00 1.8
  827   868 1.00 67%
  827   953 1.00 1.7
  827  1014 1.00 278
  827  1094 1.00 73%
  827  1193 1.00 1.9
  827  1276 1.00 284
  827  1450 1.00 1.9
  827  1515 1.00 289
  827  1695 1.00 1.9
  827  1767 1.00 293
  827  1964 1.00 2.0
  828   132 1.00 Monarch
  828  1868 1.00 77%
  848   727 1.00 1.1
  848  1013 1.00 179
  849   342 1.00 467
  849   486 1.00 3.0
  849   812 1.00 177
  849   868 1.00 38%
  849   952 1.00 1.2
  849  1094 1.00 38%
  849  1193 1.00 1.2
  849  1450 1.00 1.2
  849  1515 1.00 181
  849  1695 1.00 1.2
  849  1767 1.00 184
  849  1964 0.99 1.2
  850   130 0.94 Nederland
  850   554 1.00 172
  850   641 1.00 37%
  850  1276 1.00 177
  850  1365 0.87 38%
  850  1610 0.94 39%
  850  1868 0.99 39%
  873   342 1.00 541
  873   486 1.00 3.5
  873   554 1.00 397
  873   727 1.00 2.6
  873   812 1.00 388
  873   952 1.00 2.6
  873  1015 1.00 390
  873  1193 1.00 2.6
  873  1276 1.00 389
  873  1450 1.00 2.6
  873  1515 1.00 388
  873  1695 1.00 2.6
  873  1767 1.00 392
  874   131 0.99 Pioneer
  874   868 1.00 72%
  874  1094 1.00 72%
  874  1366 0.99 72%
  874  1611 1.00 72%
  874  1868 1.00 72%
  874  1964 1.00 2.6
  875   642 1.00 73%
  894   950 1.00 2.7
  895   727 1.00 2.7
  895  1092 1.00 91%
  895  1194 1.00 2.8
  895  1365 1.00 89%
  895  1695 1.00 2.8
  896   342 1.00 467
  896   486 1.00 3.0
  896   641 1.00 88%
  896   812 1.00 406
  896  1015 1.00 424
  896  1276 1.00 416
  896  1450 1.00 2.8
  896  1515 1.00 417
  896  1766 1.00 418
  896  1965 1.00 2.8
  897   554 1.00 410
  897   868 1.00 87%
  897  1611 1.00 89%
  897  1868 1.00 %06
  900   133 1.00 Ryan
  918  1867 1.00 75%
  919   727 1.00 1.9
  919  1194 1.00 2.2
  919  1276 1.00 323
  919  1450 1.00 2.2
  919  1695 0.99 2.1
  920   342 1.00 418
  920   486 1.00 3.0
  920   554 1.00 290
  920   640 1.00 69%
  920   812 1.00 306
  920   868 1.00 73%
  920   952 1.00 2.0
  920  1014 1.00 323
  920  1093 0.99 77%
  920  1365 0.98 77%
  920  1515 1.00 322
  920  1610 0.94 77%
  920  1766 1.00 315
  920  1964 1.00 2.1
  921   131 0.99 Sanchez
  941   950 1.00 2.8
  943   486 1.00 3.0
  943   727 1.00 2.8
  943   812 1.00 419
  943  1015 1.00 399
  943  1193 1.00 2.7
  943  1276 1.00 397
  943  1450 1.00 2.6
  943  1695 1.00 2.7
  943  1964 1.00 2.5
  944   132 1.00 Superior
  944   342 1.00 467
  944   554 1.00 416
  944   641 1.00 89%
  944   867 1.00 %06
  944  1093 0.96 85%
  944  1366 1.00 85%
  944  1515 1.00 402
  944  1610 0.90 86%
  944  1766 1.00 374
  944  1868 1.00 80%
  963   483 1.00 4.0
  963   726 1.00 2.5
  963   952 1.00 2.5
  964  1694 1.00 2.2
  964  1867 1.00 57%
  965  1093 1.00 61%
  965  1194 1.00 2.4
  965  1276 1.00 352
  965  1451 1.00 2.3
  965  1964 0.99 2.2
  967   342 1.00 590
  967   554 1.00 380
  967   641 1.00 64%
  967   812 1.00 373
  967   868 1.00 63%
  967  1014 1.00 360
  967  1365 0.98 60%
  967  1515 1.00 333
  967  1610 0.96 56%
  967  1767 1.00 337
  969   132 0.96 UniversityHill
  986   639 1.00 60%
  986   727 1.00 1.8
  986  1608 1.00 52%
  987   486 1.00 3.0
  987   812 1.00 252
  987   864 1.00 57%
  987   952 1.00 1.7
  987  1014 1.00 240
  987  1093 1.00 54%
  987  1193 1.00 1.6
  987  1276 1.00 241
  987  1695 1.00 1.5
  987  1963 1.00 1.5
  988   342 1.00 442
  988   554 1.00 267
  988  1365 0.96 55%
  988  1450 1.00 1.6
  988  1514 1.00 229
  988  1766 1.00 223
  988  1867 0.77 50%
  990   130 0.94 Whittier
 1015   132 0.99 Elem.Total
 1019  1339 1.00 66%
 1020   326 0.99 14,585
 1020   543 0.99 9,952
 1020   631 1.00 68%
 1020   777 0.99 9,825
 1020   858 1.00 67%
 1020  1004 0.98 9,743
 1020  1084 1.00 67%
 1020  1242 0.99 9,589
 1020  1505 0.99 9,444
 1020  1755 0.98 9,431
 1021  1597 1.00 65%
 1021  1854 1.00 65%
 1039   134 0.97 *programcapacitybasedoncurrentuseofthebuilding
 1063   131 0.97 ^Heatherwoodinitiatedtheengagementprocessinthe2023SYandwillcontinuetobemonitoredunderthatdesignationforseveralyears.
 1138    78 1.00 BVSD
