   65  1262 0.98 YellowindcatesinitialAdvisoryPhasecriteriamet(<=2roundsand/or<=60%)
   68   120 0.99 BVSDCAPACITYSUMMARY2023-24
   93   119 0.98 PercentCapacitybySchool（updated1/26/2024)
   95  1200 0.99 OrangeindicatesinitialEngagementPhasecriteriamet(<=1.5roundsand/or<=50%)
  126   961 0.98 BoxIndicatesallEngagementPhaseCriteraMet（<=1.5roundsand<=50%in2023-24andprojectedfor5years)
  149  1572 0.98 Mountainorspecializedprogram(exempt)
  188   483 1.00 ACTUAL
  189  1343 1.00 PROJECTED
  213  1521 1.00 2027-28
  214   996 1.00 2025-26
  214  1703 1.00 2027
  215   518 1.00 2023-24
  215  1175 1.00 2025
  215  1384 0.98 %
  216   302 1.00 2023-24
  216   634 0.90 %
  216   689 1.00 2023
  216   759 1.00 2024-25
  216   873 0.84 %
  216   928 1.00 2024
  216  1251 1.00 2026-27
  216  1456 1.00 2026
  216  1643 0.98 %
  216  1781 1.00 2028-29
  216  1906 0.98 %
  216  1973 1.00 2028
  217   412 0.96 Capacity
  217  1114 0.99 %
  240  1016 0.99 Proj.
  241   777 0.99 Proj.
  241  1269 0.99 Proj.
  241  1369 0.97 Cap.
  241  1542 0.99 Proj.
  241  1629 0.98 Cap.
  241  1799 0.98 Proj.
  242   115 0.99 Elementary
  242   532 1.00 Enroll
  242   621 0.99 Cap.
  242  1893 0.99 Cap.
  243   417 1.00 Rounds
  243   862 0.98 Cap.
  243  1100 0.99 Cap.
  244   297 1.00 Capacity*
  244   687 0.99 Rnds.
  244   925 0.99 Rnds.
  244  1452 0.99 Rnds.
  244  1703 0.99 Rnds.
  245  1969 0.99 Rnds.
  246  1173 0.99 Rnds.
  271   813 1.00 440
  271  1305 1.00 440
  273   328 1.00 461
  273   477 1.00 3.0
  273   544 1.00 420
  273   634 0.98 91%
  273   722 1.00 2.8
  273   873 1.00 95%
  273   959 1.00 2.9
  273  1026 1.00 439
  273  1113 1.00 95%
  273  1213 1.00 2.9
  273  1487 1.00 2.9
  273  1550 1.00 429
  273  1735 1.00 2.9
  273  2010 1.00 2.8
  274   115 0.95 Aspen Creek
  274  1401 1.00 95%
  274  1650 1.00 93%
  274  1806 1.00 415
  274  1914 1.00 %06
  294   474 1.00 4.0
  294   720 1.00 3.4
  295  1486 0.95 3.2
  296   958 1.00 3.2
  296  1213 1.00 3.2
  296  1735 0.98 3.1
  296  2009 1.00 3.1
  297   328 1.00 590
  297   544 1.00 510
  297   634 1.00 %98
  297   817 1.00 486
  297   873 1.00 82%
  297  1027 1.00 480
  297  1113 0.92 81%
  297  1308 1.00 475
  297  1400 0.97 81%
  297  1551 1.00 462
  297  1652 1.00 78%
  297  1807 1.00 459
  297  1914 1.00 78%
  300   116 1.00 BCSIS-HP
  319  1736 1.00 1.7
  320   476 1.00 3.0
  320   721 1.00 2.0
  320   959 1.00 1.9
  320  1214 1.00 1.8
  320  1486 1.00 1.8
  321   329 1.00 467
  321   545 1.00 298
  321   636 1.00 64%
  321   815 1.00 287
  321   874 0.96 61%
  321  1027 1.00 273
  321  1114 1.00 58%
  321  1309 1.00 271
  321  1402 1.00 58%
  321  1551 1.00 262
  321  1652 1.00 56%
  321  1807 1.00 248
  321  1914 1.00 53%
  321  2009 1.00 1.7
  324   116 0.99 BearCreek
  343   722 1.00 1.9
  344   328 1.00 418
  344   476 1.00 3.0
  344   815 1.00 259
  344   958 1.00 1.7
  344  1027 1.00 237
  344  1214 1.00 1.6
  344  1402 1.00 52%
  344  1486 1.00 1.4
  344  1736 0.99 1.3
  344  2009 0.98 1.1
  345   544 1.00 279
  345   635 1.00 67%
  345   874 0.99 62%
  345  1113 1.00 57%
  345  1308 1.00 217
  345  1552 1.00 189
  345  1652 1.00 45%
  345  1807 1.00 165
  345  1914 1.00 39%
  347   115 1.00 Birch
  366   720 1.00 2.0
  366  1734 1.00 1.5
  367  2009 0.99 1.5
  368   476 1.00 3.5
  368   545 1.00 305
  368   636 1.00 59%
  368   815 1.00 278
  368   874 1.00 54%
  368   958 1.00 1.9
  368  1027 1.00 263
  368  1113 0.98 51%
  368  1213 1.00 1.8
  368  1308 1.00 244
  368  1485 1.00 1.6
  368  1552 1.00 226
  368  1652 1.00 44%
  368  1914 1.00 44%
  369   328 1.00 516
  369  1402 1.00 47%
  369  1807 1.00 225
  371   116 0.95 Coal Creek
  389   635 1.00 %09
  389   720 1.00 2.3
  391   959 1.00 2.2
  391  1486 1.00 2.0
  391  1650 1.00 49%
  391  1805 1.00 285
  391  1913 1.00 48%
  392   329 1.00 590
  392   476 1.00 4.0
  392   545 1.00 352
  392   817 1.00 324
  392   874 1.00 55%
  392  1027 1.00 309
  392  1114 1.00 52%
  392  1213 1.00 2.1
  392  1309 1.00 298
  392  1552 1.00 288
  392  1736 0.99 1.9
  392  2009 1.00 1.9
  393   114 1.00 Columbine
  393  1402 0.99 51%
  412   956 0.99 1.5
  412  1306 1.00 222
  414   476 1.00 2.5
  414   722 1.00 1.5
  414   815 1.00 226
  414  1214 1.00 1.5
  414  1485 1.00 1.5
  414  1552 1.00 227
  414  1735 1.00 1.5
  415   329 1.00 392
  415   544 1.00 227
  415   636 1.00 58%
  415   874 1.00 58%
  415  1027 1.00 227
  415  1114 1.00 58%
  415  1402 1.00 57%
  415  1652 1.00 58%
  415  1807 1.00 229
  415  1914 1.00 58%
  415  2009 1.00 1.5
  418   114 1.00 Montessori
  438   476 1.00 2.5
  438   721 1.00 2.2
  438   815 0.98 321
  438   958 0.99 2.1
  438  1027 0.99 313
  438  1212 1.00 2.1
  438  1308 1.00 300
  438  1486 1.00 2.0
  438  1734 0.99 1.8
  439   328 1.00 369
  439   544 1.00 333
  439   635 1.00 %06
  439   873 1.00 87%
  439  1113 1.00 85%
  439  1401 0.98 81%
  439  1551 1.00 273
  439  1652 1.00 74%
  439  1807 1.00 246
  439  1913 0.85 67%
  439  2008 1.00 1.6
  443   116 0.99 Creekside
  460   474 1.00 4.0
  461   721 1.00 2.7
  461  1486 1.00 2.4
  462   959 1.00 2.6
  462  1213 1.00 2.4
  462  1309 1.00 356
  462  1552 1.00 342
  462  1735 1.00 2.3
  462  2009 1.00 2.3
  463   329 1.00 615
  463   544 1.00 410
  463   636 1.00 67%
  463   817 1.00 385
  463   874 1.00 63%
  463  1027 1.00 362
  463  1114 1.00 59%
  463  1402 1.00 58%
  463  1652 1.00 56%
  463  1808 1.00 342
  463  1914 1.00 56%
  464   115 0.99 CrestView
  485   722 1.00 1.9
  486   329 1.00 442
  486   476 1.00 3.0
  486   544 1.00 286
  486   815 1.00 272
  486   959 1.00 1.8
  486  1027 1.00 265
  486  1114 1.00 %09
  486  1214 1.00 1.8
  486  1308 1.00 269
  486  1486 1.00 1.8
  486  1551 1.00 262
  486  1652 1.00 59%
  486  1735 1.00 1.7
  486  1807 0.99 251
  486  1913 1.00 57%
  486  2009 1.00 1.7
  487   114 1.00 Douglass
  487   636 1.00 65%
  487   874 1.00 62%
  487  1402 0.94 61%
  508   873 1.00 58%
  509  1485 1.00 1.8
  510   329 1.00 492
  510   476 1.00 3.5
  510   544 1.00 311
  510   636 1.00 63%
  510   722 1.00 2.1
  510   817 1.00 285
  510   958 1.00 1.9
  510  1027 1.00 276
  510  1113 1.00 56%
  510  1214 1.00 1.8
  510  1309 1.00 263
  510  1401 1.00 53%
  510  1552 1.00 266
  510  1652 1.00 54%
  510  1736 1.00 1.8
  510  1807 1.00 269
  510  1914 1.00 55%
  510  2009 1.00 1.8
  511   114 1.00 Eisenhower
  530   956 1.00 1.7
  530  1485 1.00 1.7
  532  1650 1.00 45%
  533   722 1.00 1.8
  533  1736 1.00 1.7
  534   329 1.00 568
  534   476 1.00 4.0
  534   545 1.00 263
  534   636 1.00 46%
  534   815 1.00 252
  534   874 0.88 44%
  534  1027 1.00 245
  534  1113 1.00 43%
  534  1214 1.00 1.6
  534  1309 1.00 255
  534  1402 1.00 45%
  534  1552 1.00 254
  534  1807 1.00 266
  534  1914 1.00 47%
  534  2009 1.00 1.8
  537   116 0.99 Eldorado
  557   476 1.00 2.5
  557   722 1.00 2.4
  557   959 1.00 2.3
  557  1213 1.00 2.2
  557  1486 0.99 2.1
  557  1735 1.00 2.0
  557  2009 1.00 1.9
  558   328 1.00 393
  558   544 1.00 356
  558   635 1.00 91%
  558   817 1.00 344
  558   874 1.00 88%
  558  1027 1.00 334
  558  1114 1.00 85%
  558  1308 1.00 315
  558  1401 1.00 80%
  558  1552 1.00 301
  558  1652 1.00 77%
  558  1807 1.00 280
  558  1914 0.99 71%
  561   116 0.99 Emerald
  578   635 1.00 77%
  579   873 1.00 74%
  579  1735 1.00 2.3
  580   476 1.00 3.5
  580   545 1.00 396
  580   722 1.00 2.6
  580   817 1.00 384
  580   959 1.00 2.6
  580  1027 1.00 383
  580  1114 1.00 74%
  580  1213 1.00 2.6
  580  1309 1.00 367
  580  1486 1.00 2.4
  580  2009 1.00 2.2
  581   328 1.00 516
  581  1402 0.98 71%
  581  1551 1.00 344
  581  1652 1.00 67%
  581  1807 1.00 335
  581  1914 1.00 65%
  583   114 1.00 Fireside
  603   635 1.00 51%
  604   328 1.00 320
  604   476 1.00 2.0
  604   544 1.00 164
  604   723 0.99 1.1
  604   815 1.00 162
  604  1027 1.00 159
  604  1309 1.00 160
  604  1552 1.00 166
  605   114 0.96 Flatirons
  605   874 0.98 51%
  605   959 0.99 1.1
  605  1113 1.00 50%
  605  1215 0.99 1.1
  605  1401 1.00 50%
  605  1487 0.98 1.1
  605  1652 1.00 52%
  605  1738 0.97 1.1
  605  1807 1.00 161
  605  1914 1.00 50%
  605  2010 0.99 1.1
  626  1114 1.00 74%
  626  2006 1.00 2.7
  627   635 1.00 77%
  627   721 1.00 2.9
  628   328 1.00 565
  628   476 1.00 4.0
  628   544 1.00 437
  628   815 0.99 414
  628   959 1.00 2.8
  628  1026 0.98 419
  628  1213 1.00 2.8
  628  1308 1.00 422
  628  1486 1.00 2.8
  628  1551 1.00 409
  628  1735 1.00 2.7
  629   875 1.00 73%
  629  1402 1.00 75%
  629  1652 1.00 72%
  629  1807 1.00 398
  629  1914 1.00 70%
  631   115 1.00 Foothill
  650   475 1.00 0.5
  650   549 1.00 12
  650   722 1.00 0.1
  650  1485 1.00 0.1
  651   636 1.00 24%
  651   827 0.99 13
  651   874 1.00 27%
  651   958 1.00 0.1
  651  1114 1.00 24%
  651  1213 0.99 0.1
  651  1320 0.99 12
  651  1402 1.00 24%
  651  1652 1.00 24%
  651  1735 0.99 0.1
  651  1914 1.00 20%
  651  2008 1.00 0.1
  652   114 0.94 Gold Hill
  652   334 1.00 49
  652  1032 1.00 12
  652  1558 0.99 12
  652  1814 1.00 10
  674   329 1.00 492
  674   476 1.00 3.5
  674  1649 1.00 40%
  675   544 1.00 226
  675   634 1.00 46%
  675   815 1.00 227
  675   873 1.00 46%
  675   959 1.00 1.5
  675  1027 1.00 217
  675  1113 0.99 44%
  675  1309 1.00 209
  675  1488 0.99 1.4
  675  1554 1.00 196
  675  1738 1.00 1.3
  675  1807 1.00 203
  676   724 1.00 1.5
  676  1401 1.00 42%
  676  2012 0.99 1.4
  677  1914 0.98 41%
  678   114 1.00 Heatherwood
  698   872 1.00 60%
  698  1112 1.00 60%
  698  1649 1.00 60%
  699   333 1.00 25
  699   475 1.00 0.5
  699   721 1.00 0.1
  699  1734 1.00 0.1
  700   113 0.99 Jamestown
  700   550 1.00 18
  700   637 1.00 72%
  700   829 1.00 15
  700   958 0.99 0.1
  700  1032 1.00 15
  700  1212 1.00 0.1
  700  1320 0.99 16
  700  1401 1.00 64%
  700  1485 1.00 0.1
  700  1558 1.00 15
  700  1813 1.00 15
  700  1913 1.00 60%
  700  2008 1.00 0.1
  722   329 1.00 516
  722   476 1.00 3.5
  722   544 1.00 251
  722   635 1.00 49%
  722   721 1.00 1.7
  722   817 1.00 238
  722   958 1.00 1.6
  722  1027 1.00 234
  722  1114 1.00 45%
  722  1213 1.00 1.6
  722  1309 1.00 227
  722  1402 1.00 44%
  722  1486 1.00 1.5
  722  1552 1.00 221
  722  1652 1.00 43%
  722  1736 1.00 1.5
  722  1807 1.00 222
  722  1914 1.00 43%
  722  2009 1.00 1.5
  724   875 1.00 46%
  726   114 0.98 Kohl
  744   872 1.00 83%
  745   721 1.00 3.0
  745   959 0.99 3.1
  745  1213 1.00 3.0
  745  1309 1.00 440
  745  1486 1.00 2.9
  745  1734 1.00 2.7
  746   329 1.00 565
  746   476 1.00 4.0
  746   544 1.00 444
  746   636 1.00 79%
  746   817 1.00 467
  746  1027 1.00 453
  746  1113 1.00 %08
  746  1402 1.00 78%
  746  1551 0.99 412
  746  1652 1.00 73%
  746  1807 1.00 397
  746  1914 1.00 70%
  746  2009 1.00 2.6
  749   113 0.95 Lafayette
  769   475 1.00 4.0
  769   722 1.00 2.8
  769   958 1.00 2.7
  769  1213 1.00 2.6
  769  1486 1.00 2.6
  769  1735 0.99 2.5
  770   328 1.00 615
  770   544 1.00 422
  770   636 1.00 %69
  770   817 1.00 408
  770   874 1.00 66%
  770  1027 1.00 393
  770  1114 1.00 64%
  770  1308 1.00 391
  770  1402 1.00 64%
  770  1551 1.00 377
  770  1650 0.99 61%
  770  1807 1.00 384
  770  1914 1.00 62%
  770  2009 1.00 2.6
  773   116 0.95 Louisville
  790   717 1.00 3.1
  791   474 1.00 3.0
  791  1485 1.00 3.3
  793   545 1.00 464
  793   959 1.00 3.2
  793  1213 1.00 3.1
  793  1551 1.00 520
  793  1735 1.00 3.5
  793  2009 1.00 3.7
  794   329 0.99 441
  794   625 1.00 105%
  794   817 1.00 475
  794   866 1.00 108%
  794  1103 1.00 107%
  794  1308 1.00 496
  794  1392 0.99 112%
  794  1642 0.99 118%
  794  1807 1.00 556
  794  1904 1.00 126%
  795   115 0.99 Meadowlark
  795  1028 0.99 471
  814  1734 0.99 1.4
  816   958 1.00 1.5
  817   476 1.00 3.0
  817   544 1.00 233
  817   722 1.00 1.6
  817   815 1.00 220
  817   874 1.00 53%
  817  1214 0.99 1.4
  817  1308 1.00 202
  817  1485 1.00 1.3
  817  1551 1.00 203
  817  2009 1.00 1.3
  818   113 0.99 Mesa
  818   328 1.00 418
  818   635 1.00 56%
  818  1027 0.99 211
  818  1113 1.00 50%
  818  1402 1.00 48%
  818  1652 1.00 49%
  818  1807 1.00 202
  818  1914 1.00 48%
  839  1400 1.00 84%
  840   722 1.00 1.8
  841   329 0.99 381
  841   476 1.00 2.5
  841   545 1.00 274
  841   636 1.00 72%
  841   817 0.99 301
  841   875 1.00 79%
  841   958 1.00 2.0
  841  1027 1.00 303
  841  1213 1.00 2.0
  841  1309 1.00 320
  841  1486 1.00 2.1
  841  1552 0.98 317
  841  1735 1.00 2.1
  841  1807 0.88 312
  841  1914 1.00 82%
  841  2009 1.00 2.1
  842  1113 1.00 80%
  842  1650 1.00 83%
  844   115 1.00 Monarch
  864   722 0.99 1.1
  864   958 0.99 1.1
  864  1485 0.99 1.1
  864  1734 0.96 1.0
  864  2008 1.00 1.1
  865   328 1.00 467
  865   476 1.00 3.0
  865   545 1.00 165
  865   635 1.00 35%
  865   815 1.00 159
  865   874 0.97 34%
  865  1028 1.00 159
  865  1114 1.00 34%
  865  1215 0.98 1.1
  865  1308 0.99 161
  865  1401 1.00 34%
  865  1552 1.00 154
  865  1652 0.99 33%
  865  1807 1.00 158
  865  1914 1.00 34%
  868   115 0.99 Nederland
  885   542 1.00 415
  886   874 1.00 75%
  887   476 1.00 3.5
  887   721 1.00 2.8
  887   958 1.00 2.7
  887  1213 1.00 2.7
  887  1485 1.00 2.7
  887  1734 1.00 2.7
  887  2008 1.00 2.7
  888   328 0.99 541
  888   636 1.00 77%
  888   815 1.00 406
  888  1027 1.00 403
  888  1114 1.00 74%
  888  1308 1.00 403
  888  1402 1.00 74%
  888  1551 0.99 401
  888  1652 1.00 74%
  888  1807 1.00 401
  888  1914 1.00 74%
  890   113 0.99 Pioneer
  909   814 1.00 424
  910  1024 0.97 416
  910  1305 0.99 418
  911   476 0.99 3.0
  911   544 1.00 426
  911   721 1.00 2.8
  911   958 1.00 2.8
  911  1213 1.00 2.8
  911  1486 1.00 2.8
  911  1552 0.99 421
  911  1735 1.00 2.8
  911  1807 0.99 421
  911  2009 1.00 2.8
  912   329 1.00 467
  912   635 1.00 91%
  912   874 0.85 91%
  912  1114 1.00 %68
  912  1402 1.00 %06
  912  1652 1.00 %06
  912  1914 1.00 %06
  916   115 1.00 Ryan
  934   958 0.95 2.1
  934  1400 1.00 80%
  934  1486 1.00 2.2
  934  1649 1.00 %08
  934  1735 1.00 2.2
  935   328 1.00 418
  935   476 1.00 3.0
  935   544 1.00 285
  935   636 1.00 68%
  935   722 1.00 1.9
  935   815 1.00 310
  935   875 1.00 74%
  935  1026 1.00 318
  935  1114 1.00 76%
  935  1213 0.98 2.1
  935  1309 1.00 335
  935  1551 1.00 334
  935  1807 0.98 334
  935  1913 1.00 80%
  935  2009 1.00 2.2
  937   115 1.00 Sanchez
  957   720 1.00 2.9
  957  1112 1.00 94%
  957  1734 1.00 3.0
  958   873 1.00 93%
  958  1400 1.00 92%
  958  1486 1.00 2.9
  958  1649 1.00 98%
  959   328 1.00 467
  959   475 1.00 3.0
  959   544 1.00 429
  959   635 1.00 92%
  959   815 1.00 433
  959   958 0.99 2.9
  959  1026 1.00 437
  959  1213 1.00 2.9
  959  1308 1.00 428
  959  1551 1.00 457
  959  1807 1.00 432
  959  1913 1.00 93%
  959  2009 1.00 2.9
  961   115 1.00 Superior
  981   720 1.00 2.5
  982   476 1.00 4.0
  982   959 1.00 2.4
  982  1486 1.00 2.2
  982  1735 1.00 2.2
  983   114 0.94 UniversityHill(p)
  983   328 1.00 590
  983   544 1.00 372
  983   636 1.00 63%
  983   817 1.00 354
  983   874 1.00 60%
  983  1027 1.00 343
  983  1213 1.00 2.3
  983  1309 1.00 334
  983  1552 1.00 332
  983  1807 1.00 324
  983  1914 1.00 55%
  983  2009 1.00 2.2
  984  1114 1.00 58%
  984  1402 1.00 57%
  984  1650 1.00 56%
 1002  1734 0.99 1.6
 1003   326 1.00 442
 1003   721 1.00 1.9
 1003  1913 1.00 52%
 1005   475 1.00 3.0
 1005   544 1.00 291
 1005   815 1.00 273
 1005   873 1.00 62%
 1005   958 1.00 1.8
 1005  1113 1.00 57%
 1005  1213 1.00 1.7
 1005  1309 1.00 240
 1005  1486 1.00 1.6
 1006   635 1.00 %99
 1006  1026 1.00 250
 1006  1402 1.00 54%
 1006  1551 1.00 236
 1006  1650 1.00 53%
 1006  1807 1.00 229
 1007   113 0.90 Whittier
 1007  2010 1.00 1.5
 1032   115 0.99 Elem.Total
 1033   624 1.00 %69
 1033  1373 1.00 65%
 1033  1633 1.00 64%
 1035   863 1.00 67%
 1035  1102 1.00 66%
 1035  1897 1.00 63%
 1036   310 1.00 14,608
 1036   528 0.99 10,074
 1036   775 1.00 9,842
 1036  1015 0.99 9,619
 1036  1267 0.99 9,506
 1036  1541 0.98 9,308
 1036  1796 0.99 9,174
 1058   116 0.97 *programcapacitybasedoncurrentuseof thebuilding
 1153   155 0.93 LRAC Update & Annual Enrollment Trend Report
 1156  2054 1.00 11
