   72    58 0.99 Middle Level 5-Year Projections
  230   719 1.00 2024-25
  230   889 1.00 2025-26
  230  1059 1.00 2026-27
  230  1229 1.00 2027-28
  230  1401 1.00 2028-29
  230  1573 1.00 2029-30
  231   593 1.00 2024
  264   328 0.99 MIDDLE
  264  1646 0.97 Cap.
  265   570 0.99 Capacity
  265   695 0.97 Actual Cap.
  266  1212 0.98 Proj.
  266  1305 0.99 Cap.
  267   876 0.99 Proj.
  267  1046 0.98 Proj.
  267  1389 0.98 Proj.
  267  1561 0.98 Proj.
  268   965 0.98 Cap.
  269  1132 0.99 Cap.
  269  1476 0.99 Cap.
  305   326 0.98 General FundSchools
  335  1322 0.95 71%
  336   599 0.99 941
  336   713 0.99 616
  336   885 1.00 634
  336  1225 0.99 671
  336  1569 1.00 691
  337   341 0.99 Angevine
  337   811 1.00 65%
  337  1055 1.00 635
  337  1396 1.00 675
  338  1494 0.99 72%
  338  1668 1.00 73%
  340   983 0.99 67%
  340  1150 1.00 67%
  367   713 1.00 371
  367  1055 1.00 398
  367  1396 0.99 401
  367  1569 1.00 387
  368   341 0.97 AspenCrk.(6-8)
  368   600 1.00 497
  368   885 1.00 380
  368  1225 1.00 392
  369   811 1.00 75%
  369   983 0.92 76%
  369  1148 1.00 80%
  369  1324 1.00 79%
  369  1492 0.94 81%
  369  1668 1.00 78%
  396   339 0.99 BoulderUniv.
  397  1060 1.00 34
  397  1404 0.99 31
  397  1574 1.00 36
  398   723 1.00 49
  398   894 1.00 38
  398  1231 1.00 34
  426   339 0.96 Broomfield Hts.
  429   600 1.00 832
  429   715 1.00 488
  429   885 1.00 470
  429  1226 1.00 450
  429  1397 1.00 453
  429  1571 1.00 437
  430  1057 0.99 441
  432   812 1.00 59%
  432   983 1.00 56%
  432  1150 1.00 53%
  432  1324 1.00 54%
  432  1494 1.00 54%
  432  1668 1.00 53%
  458   338 0.99 Casey
  459   600 1.00 743
  459   714 1.00 360
  459   885 1.00 344
  459  1056 1.00 329
  459  1225 0.99 311
  459  1397 1.00 304
  459  1570 1.00 299
  460   811 1.00 48%
  460   983 0.94 46%
  460  1149 0.96 44%
  460  1323 0.98 42%
  462  1494 0.93 47%
  462  1669 1.00 40%
  488   339 0.99 Centennial
  488  1396 1.00 555
  489   600 1.00 753
  489   714 1.00 593
  489   886 1.00 599
  489  1056 1.00 567
  489  1226 1.00 562
  489  1570 0.99 561
  491  1324 1.00 75%
  493   812 1.00 79%
  493   984 1.00 80%
  493  1151 1.00 75%
  493  1495 1.00 74%
  493  1669 1.00 75%
  519   338 0.96 Eldorado(6-8)
  521   600 1.00 494
  521   714 1.00 240
  521   886 1.00 203
  521   980 0.93 41%
  521  1056 1.00 215
  521  1146 1.00 44%
  521  1226 1.00 223
  521  1397 1.00 209
  521  1490 1.00 42%
  521  1570 1.00 195
  522   810 0.84 49%
  522  1323 0.94 45%
  524  1668 1.00 39%
  548   338 0.99 Halcyon
  552   900 1.00 6
  552  1070 1.00 8
  552  1240 1.00 8
  552  1584 1.00 6
  553   731 1.00 7
  553  1413 0.99 9
  580   338 0.97 Louisville(6-8)
  581   600 1.00 708
  581   714 1.00 627
  581  1056 1.00 595
  581  1397 1.00 539
  581  1570 1.00 503
  583   885 0.98 612
  583  1226 1.00 578
  584  1668 0.98 71%
  585   811 1.00 89%
  585  1149 0.99 84%
  585  1323 1.00 82%
  585  1495 1.00 76%
  586   983 1.00 86%
  612   600 1.00 643
  612   714 1.00 480
  612   885 1.00 472
  613  1056 1.00 494
  613  1226 1.00 460
  613  1397 1.00 457
  614   340 1.00 Manhattan
  614   811 1.00 75%
  614   983 0.98 73%
  614  1150 1.00 77%
  614  1324 1.00 72%
  614  1494 0.95 71%
  614  1571 0.99 431
  614  1667 0.91 67%
  642   714 1.00 226
  643   340 0.97 Meadowlark(6-8)
  643   600 1.00 250
  643   886 1.00 256
  643  1056 1.00 255
  643  1226 1.00 254
  643  1397 1.00 236
  643  1570 1.00 229
  644   811 1.00 90%
  644  1314 1.00 102%
  644  1493 0.90 94%
  644  1667 0.98 92%
  647   975 0.98 102%
  647  1140 1.00 102%
  673  1054 1.00 422
  674   340 0.97 Monarch(6-8)
  674   600 1.00 509
  674   714 1.00 398
  674   885 1.00 406
  674  1226 1.00 404
  674  1397 1.00 406
  674  1570 1.00 361
  677   812 1.00 78%
  677   983 1.00 80%
  677  1149 0.99 83%
  677  1325 1.00 79%
  677  1494 1.00 80%
  677  1669 0.96 71%
  704   340 0.97 Nederland(6-8)
  704   600 1.00 254
  705   722 1.00 99
  705   893 1.00 98
  705  1061 1.00 94
  705  1231 1.00 97
  705  1404 1.00 91
  705  1575 1.00 88
  707   812 1.00 39%
  707   983 1.00 39%
  707  1150 0.99 37%
  707  1324 1.00 38%
  707  1494 1.00 36%
  707  1668 1.00 35%
  733   598 1.00 862
  733   713 1.00 483
  734   886 1.00 480
  736  1056 1.00 432
  736  1226 1.00 447
  736  1397 1.00 438
  736  1571 1.00 456
  737   341 0.99 NevinPlatt
  737   811 1.00 56%
  737   983 0.95 56%
  737  1323 0.99 52%
  737  1493 0.88 57%
  737  1667 1.00 53%
  738  1150 1.00 50%
  764   339 0.99 SouthernHills
  765   600 1.00 659
  766   713 1.00 501
  766   885 1.00 515
  766  1055 1.00 488
  766  1225 1.00 473
  766  1396 1.00 473
  766  1569 1.00 453
  767  1150 1.00 74%
  769   812 1.00 76%
  769   985 1.00 78%
  769  1325 1.00 72%
  769  1495 1.00 72%
  769  1668 1.00 69%
  798  1389 1.00 5277
  800   417 1.00 GFSubtotal
  800   708 1.00 5538
  800   879 1.00 5513
  800  1047 1.00 5407
  800  1217 1.00 5364
  800  1561 1.00 5133
  862   326 0.99 Charter
  894   340 0.97 Horizons(6-8)
  894   599 1.00 149
  894   714 1.00 120
  894   885 1.00 129
  894  1055 1.00 123
  894  1225 1.00 127
  894  1397 1.00 130
  894  1569 0.99 131
  895   809 0.90 81%
  895   981 1.00 87%
  895  1148 1.00 83%
  895  1322 1.00 85%
  895  1492 1.00 87%
  895  1666 1.00 88%
  923   340 0.97 Justice(6-8)
  924   721 1.00 10
  925   900 0.99 9
  925  1069 1.00 7
  925  1240 1.00 7
  925  1411 1.00 7
  925  1584 1.00 7
  954   713 1.00 403
  955  1055 1.00 404
  955  1226 1.00 404
  956   340 0.95 PeaktoPeak(6-8)
  956   885 1.00 403
  956  1397 1.00 404
  956  1570 1.00 402
  986   340 0.99 Summit
  986   599 1.00 368
  986   713 1.00 366
  986   885 1.00 366
  986  1055 1.00 364
  986  1225 1.00 364
  987   810 0.99 %66
  987  1148 1.00 99%
  987  1322 1.00 99%
  987  1396 1.00 364
  987  1569 1.00 364
  989   983 1.00 99%
  989  1494 1.00 99%
  989  1668 1.00 99%
 1023   883 1.00 907
 1023  1568 1.00 904
 1025   361 0.99 CharterSubtotal
 1025   713 1.00 899
 1025  1224 1.00 902
 1025  1396 1.00 904
 1064   875 1.00 6420
 1065   386 0.99 MIDDLETotal
 1065  1388 0.99 6181
 1066  1216 1.00 6266
 1067   707 1.00 6437
 1067  1047 1.00 6306
 1067  1561 1.00 6037
 1140    77 0.99 BVSD
 1146  2082 1.00 42
