   61    49 0.98 Elementary Attendance Area Region - Boulder
  230    64 0.94 BOULDER（14schoolbuildings)
  268  1343 1.00 PROJECTED
  270   451 0.99 ACTUAL
  296   488 1.00 2024-25
  296  1653 1.00 %
  297   259 0.96 2024-25Capacity
  297   672 1.00 2024
  297   918 1.00 2025
  297  1720 1.00 2028
  298   613 1.00 %
  298   742 1.00 2025-26
  298   987 1.00 2026-27
  298  1103 0.97 %
  298  1249 1.00 2027-28
  298  1530 1.00 2028-29
  298  1803 1.00 2029-30
  298  1935 1.00 %
  299   857 1.00 %
  299  1173 1.00 2026
  299  1379 1.00 %
  299  1458 1.00 2027
  299  2004 1.00 2029
  332    60 0.99 Elementary
  332  1004 0.99 Proj.
  332  1264 0.99 Proj.
  333   500 1.00 Enroll
  333   844 0.99 Cap.
  333  1089 0.99 Cap.
  333  1364 0.99 Cap.
  333  1918 0.99 Cap.
  334   373 1.00 Rounds
  334   599 0.99 Cap.
  334   761 0.99 Proj.
  334  1548 0.99 Proj.
  334  1641 0.99 Cap.
  334  1818 0.99 Proj.
  334  1999 0.99 Rnds.
  335   251 0.97 Capacity*
  335   666 0.99 Rnds.
  335   910 0.99 Rnds.
  335  1163 0.99 Rnds.
  335  1450 0.99 Rnds.
  335  1713 0.98 Rnds.
  368    61 1.00 BCSIS-HP
  368   704 0.99 3.4
  368   948 0.99 3.4
  368  1211 1.00 3.4
  368  1752 0.99 3.4
  369   286 1.00 590
  369   516 1.00 511
  369   611 1.00 87%
  369   856 1.00 86%
  369  1016 1.00 516
  369  1101 1.00 87%
  369  1300 1.00 508
  369  1395 0.99 %98
  369  1488 1.00 3.4
  369  1557 1.00 509
  369  1658 1.00 86%
  369  1830 1.00 512
  369  1937 1.00 87%
  369  2042 0.99 3.4
  370   442 0.99 4.0
  370   799 1.00 509
  394   439 0.99 3.5
  395   704 0.99 2.1
  395   947 0.95 2.1
  396   798 1.00 308
  396  1212 1.00 2.0
  396  1488 1.00 1.9
  396  1752 1.00 1.8
  396  1830 1.00 272
  396  2042 1.00 1.8
  397    60 0.99 BearCreek
  397   286 1.00 492
  397   516 1.00 318
  397   611 1.00 65%
  397   856 1.00 63%
  397  1018 1.00 302
  397  1102 1.00 61%
  397  1300 1.00 290
  397  1396 1.00 59%
  397  1659 1.00 56%
  397  1938 1.00 55%
  398  1558 1.00 274
  424    59 0.99 Columbine
  424   704 1.00 2.3
  424   947 1.00 2.3
  424  1211 1.00 2.3
  424  1487 1.00 2.2
  424  1752 0.99 2.1
  424  1830 1.00 294
  424  2042 1.00 2.0
  425   286 1.00 590
  425   799 1.00 347
  425   856 1.00 59%
  425  1102 1.00 58%
  425  1396 1.00 56%
  425  1557 1.00 310
  425  1659 0.99 53%
  425  1939 1.00 50%
  426   443 0.99 4.0
  426   518 1.00 343
  426   613 1.00 58%
  426  1018 1.00 345
  426  1301 1.00 333
  450  2040 1.00 1.6
  452   611 1.00 59%
  452   705 1.00 1.5
  452   948 1.00 1.5
  452  1101 1.00 59%
  452  1212 1.00 1.6
  452  1488 1.00 1.6
  452  1752 1.00 1.6
  452  1830 1.00 240
  453   442 1.00 2.5
  453   798 1.00 232
  453   856 1.00 59%
  453  1396 1.00 %09
  455   286 1.00 392
  455   518 1.00 232
  455  1018 1.00 233
  455  1301 1.00 237
  455  1659 1.00 61%
  455  1938 1.00 61%
  456    60 0.99 Montessori
  456  1558 1.00 238
  481   441 1.00 2.5
  481  2042 1.00 1.5
  482   947 0.98 2.1
  482  1212 1.00 2.0
  482  1752 1.00 1.6
  483   705 1.00 2.2
  483   856 1.00 84%
  483  1102 1.00 80%
  483  1300 1.00 268
  483  1396 1.00 73%
  483  1489 1.00 1.8
  483  1659 1.00 66%
  483  1831 1.00 229
  483  1938 1.00 62%
  484    61 0.99 Creekside
  484   289 1.00 369
  484   518 1.00 327
  484   613 1.00 89%
  484   799 1.00 310
  484  1018 1.00 296
  484  1558 1.00 244
  509    60 0.99 CrestView
  509   704 1.00 2.6
  510   441 0.99 4.0
  510   948 0.96 2.4
  510  1211 1.00 2.4
  510  1487 0.85 2.3
  510  1752 0.95 2.2
  511   856 1.00 59%
  511  1102 1.00 59%
  511  1396 1.00 56%
  511  1659 1.00 54%
  511  1831 1.00 335
  511  1938 1.00 54%
  512   289 1.00 615
  512   518 1.00 390
  512   613 1.00 63%
  512   799 1.00 362
  512  1019 1.00 361
  512  1302 1.00 343
  512  1559 1.00 332
  512  2042 0.99 2.2
  536   946 1.00 1.8
  537    59 0.99 Douglass
  538   705 1.00 1.9
  538  1752 1.00 1.8
  539   286 1.00 418
  539   798 1.00 272
  539   856 1.00 65%
  539  1102 1.00 65%
  539  1300 1.00 270
  539  1396 1.00 65%
  539  1659 1.00 63%
  539  1938 1.00 62%
  539  2044 1.00 1.7
  540   443 1.00 3.0
  540   518 1.00 282
  540   613 1.00 67%
  540  1017 1.00 273
  540  1213 1.00 1.8
  540  1489 1.00 1.8
  540  1558 1.00 263
  540  1831 1.00 260
  565  1752 1.00 1.7
  567   286 1.00 492
  567   612 1.00 56%
  567   856 1.00 54%
  567  1102 1.00 52%
  567  1213 1.00 1.7
  567  1300 1.00 258
  567  1396 1.00 52%
  567  1659 1.00 52%
  567  1938 1.00 52%
  567  2044 0.99 1.7
  568   442 1.00 3.5
  568   518 1.00 276
  568   707 1.00 1.8
  568   799 1.00 267
  568   949 1.00 1.8
  568  1018 1.00 255
  568  1489 0.91 1.7
  568  1558 1.00 257
  568  1831 1.00 258
  570    61 1.00 Eisenhower
  594  1488 1.00 1.2
  596   286 1.00 320
  596   442 1.00 2.0
  596   612 1.00 51%
  596   798 1.00 165
  596   948 1.00 1.1
  596  1211 0.99 1.1
  596  1396 1.00 55%
  596  1831 1.00 169
  597    59 0.97 Flatirons
  597   519 1.00 163
  597   707 1.00 1.1
  597   856 1.00 52%
  597  1019 1.00 164
  597  1102 1.00 51%
  597  1302 1.00 175
  597  1559 1.00 169
  597  1659 1.00 53%
  597  1753 0.98 1.1
  597  1938 1.00 53%
  597  2044 0.99 1.1
  623   611 1.00 74%
  623  1751 0.99 2.5
  624   704 1.00 2.8
  624   947 1.00 2.8
  624  1210 0.99 2.8
  624  1300 1.00 402
  624  1487 0.99 2.7
  624  1557 1.00 376
  624  1830 1.00 353
  624  2041 0.99 2.4
  625   442 0.99 4.0
  625   798 1.00 422
  625   857 1.00 75%
  625  1102 1.00 74%
  625  1396 1.00 71%
  625  1659 1.00 67%
  625  1938 1.00 62%
  626    60 1.00 Foothill
  626   289 1.00 565
  626   517 1.00 418
  626  1017 1.00 418
  650  1298 1.00 213
  651   610 1.00 47%
  651  1488 1.00 1.4
  652   441 1.00 3.5
  652   705 1.00 1.6
  652   798 1.00 228
  652   948 1.00 1.5
  652  1016 1.00 224
  652  1211 1.00 1.5
  652  1752 0.99 1.4
  652  1830 1.00 211
  652  2041 1.00 1.4
  653   856 1.00 46%
  653  1102 1.00 46%
  653  1659 1.00 44%
  653  1938 0.99 43%
  654    61 0.94 Heatherwood^
  654   287 1.00 492
  654   518 1.00 233
  654  1397 1.00 43%
  654  1558 1.00 215
  678   795 1.00 230
  678   947 1.00 1.5
  679   855 1.00 55%
  680   705 1.00 1.5
  680  1211 1.00 1.5
  680  1488 1.00 1.5
  680  1752 1.00 1.4
  680  1830 1.00 224
  680  2041 1.00 1.5
  681   286 1.00 418
  681   612 1.00 55%
  681  1102 1.00 53%
  681  1300 1.00 218
  681  1396 1.00 52%
  681  1557 1.00 216
  681  1659 1.00 52%
  681  1938 1.00 54%
  682    60 1.00 Mesa
  682   443 0.99 3.0
  682   518 1.00 230
  682  1018 1.00 220
  708   442 0.99 4.0
  708   704 1.00 2.5
  708   947 0.99 2.5
  708  1211 0.99 2.4
  708  1487 0.99 2.3
  708  1751 0.99 2.2
  708  1829 1.00 337
  709    60 0.97 University Hill
  709   286 1.00 590
  709   612 0.87 64%
  709  1102 0.99 61%
  709  1300 1.00 352
  709  1396 1.00 %09
  709  1557 1.00 333
  709  2041 0.99 2.2
  711   518 1.00 380
  711   799 1.00 373
  711   856 1.00 63%
  711  1018 1.00 360
  711  1659 1.00 56%
  711  1938 1.00 57%
  737   948 1.00 1.7
  737  1101 1.00 54%
  737  1751 1.00 1.5
  737  2041 1.00 1.5
  738   286 1.00 442
  738   612 1.00 60%
  738   705 1.00 1.8
  738  1016 1.00 240
  738  1211 1.00 1.6
  738  1299 1.00 241
  738  1488 1.00 1.6
  738  1556 1.00 229
  738  1830 1.00 223
  738  1939 1.00 50%
  739   442 1.00 3.0
  739   516 1.00 267
  739   799 1.00 252
  739   856 1.00 57%
  739  1396 1.00 55%
  739  1659 1.00 52%
  740    60 0.97 Whittier
  766   138 1.00 Summary
  767   432 1.00 46.5
  767   512 1.00 4370
  767   766 1.00 4277
  767   938 1.00 28.5
  767  1010 1.00 4207
  767  1271 1.00 4108
  767  1477 1.00 27.4
  767  1552 1.00 3965
  767  1741 1.00 26.3
  767  1824 1.00 3917
  767  1941 1.00 58%
  767  2033 1.00 26.0
  768   278 0.98 6,785
  768   614 0.96 64%
  768   696 1.00 29.1
  768   860 1.00 63%
  768  1105 1.00 62%
  768  1202 1.00 28.1
  768  1399 1.00 61%
  768  1664 1.00 58%
  793   148 1.00 Average
  794  1752 1.00 1.9
  795   704 1.00 2.1
  795  1210 1.00 2.0
  795  1486 1.00 2.0
  795  2042 1.00 1.9
  796   442 1.00 3.3
  796   948 1.00 2.0
  821    73 0.97 No.in Advisory
  824   725 1.00 5
  824  1231 1.00 5
  826   969 1.00 5
  826  1508 1.00 6
  826  1772 1.00 5
  826  2062 1.00 6
  852    37 0.99 No.inEngagement
  857   729 0.95 1
  937    45 0.99 * Does not include capacity for schools not subject to LRAC criteria (Horizons, Gold Hill, and Jamestown)
 1140    77 0.99 BVSD
 1146  2085 1.00 17
