   63    49 0.97 Regional Enrollment Profile
  228  1504 0.99 South Boulder
  233   431 0.99 North Boulder
  314   696 0.97 BVsDEnrollmentComposition
  315   169 0.97 BVSDStudentsResiding inBVSD
  318  1247 0.99 BVSDStudentsResidinginBVSD
  318  1731 0.98 BVSDEnrollmentComposition
  336   152 0.96 Year.2024SY|Level:Elementary|Region:NorthBoulder
  336   663 0.95 Year.2024SY|Level:Elementary|Region:North Boulder
  341  1231 0.98 Year.2024SY|Level:Elementary|Region:SouthBoulder
  341  1702 0.97 Year.2024SY|Level:Elementary|Region:SouthBoulder
  359   710 0.96 Unmatched Addresses
  361  1743 0.94 Unmatched Addresses
  368  1222 0.94 Out to Focus School
  370   136 0.94 Out to Focus School
  378   766 1.00 0%
  381  1795 1.00 0%
  383  1263 0.99 19%
  384   179 0.99 21%
  389   760 0.91 (N=4)
  394  1791 0.89 (N=2)
  396  1254 0.94 (N=320)
  398   171 0.96 (N=508)
  406   601 0.98 OEfromWithinDistrict
  422   652 0.97 33%
  434   642 0.54 (52L=N)
  444  1900 0.97 Attending Own Neighborhood School
  459  1979 0.99 44%
  471  1972 0.97 (N=1,060)
  481   308 1.00 2024-25
  481   819 1.00 2024-25
  481  1374 0.99 2024-25
  481  1843 0.99 2024-25
  495   290 0.98 Total Students
  495   799 0.97 Total Students
  495  1357 0.96 Total Students
  495  1824 0.97 Total Students
  508  1348 0.97 Residingin BVSD
  508  1819 0.90 Enrolled in BVSD
  509   280 0.96 Residingin BVSD
  509   793 0.94 Enrolled in BVSD
  510  1183 0.98 Out toDifferent
  514  1636 0.97 OEfrom WithinDistrict
  523   315 0.97 2,447
  523  1384 0.99 1,664
  523  1852 0.98 2,415
  524   827 0.98 2,221
  524  1165 0.98 Neighborhood School
  529  1682 0.99 51%
  538  1210 1.00 12%
  540   369 0.97 Attending OwnNeighborhood School
  541  1669 0.96 (N=1,235)
  543   101 0.97 Out toDifferent
  551  1203 0.91 (66L=N)
  555   462 1.00 58%
  558  1431 0.96 Attending Own Neighborhood School
  559    83 0.98 Neighborhood School
  559   878 0.99 AttendingOwnNeighborhoodSchool
  566   445 0.94 (N=1,424)
  568  1179 0.97 Out to Charter School
  573   133 1.00 18%
  573  1515 1.00 64%
  576   604 0.99 OEfromOut-of-District
  577   972 1.00 64%
  585  1227 0.99 5%
  585  1501 0.97 (N=1,060)
  587   123 0.99 (N=437)
  588   956 0.93 (N=1,424)
  592   661 1.00 3%
  597  1219 0.85 (S8=N)
  605   651 0.96 (N=60)
  608   132 0.96 Out to Charter School
  611  1894 0.97 OEfromOut-of-District
  623   184 0.99 3%
  626  1943 0.99 5%
  635   175 0.98 (N=78)
  638  1932 0.75 (8LL=N)
  664  1701 0.97 Students
  665  1232 0.98 Students
  667   152 0.98 Students
  670   665 0.99 Students
  678  1230 0.97 Residing
  679  1171 0.99 School
  680  1642 0.98 School
  681  1702 0.98 Enrolled
  682   151 0.99 Residing
  683    87 0.99 School
  685   599 0.98 School
  686   664 0.98 Enrolled
  694  1231 0.96 inBVSD
  695  1173 0.99 Year
  695  1702 0.99 inBVSD
  696  1642 0.99 Year
  699   152 0.97 inBVSD
  700    88 0.94 Year
  700   665 0.98 inBVSD
  701   600 0.97 Year
  713  1359 1.00 64%
  714  1801 0.96 45%
  716  1461 0.85 17%
  716  1500 0.87 20%
  716  1936 0.86 57%
  718   282 0.99 61%
  719   799 0.84 67%
  719   937 0.92 30%
  720   391 0.90 15%
  720   443 0.99 20%
  720  1173 1.00 2023SY
  720  1231 0.98 1,723
  721  1642 1.00 2023SY
  721  1698 0.94 2,443
  726    88 1.00 2023SY
  726   151 0.98 2,506
  727   599 1.00 2023SY
  728   665 0.99 2,282
  728  1355 0.92 1,109
  729  1461 1.00 188
  729  1502 1.00 336
  730  1801 0.98 1,109
  730  1936 0.98 1,241
  734   281 0.98 1,528
  734   394 1.00 384
  734   444 1.00 512
  734   941 0.99 681
  736   798 0.98 1,528
  751  1366 1.00 68%
  752  1806 1.00 48%
  753  1510 1.00 18%
  754  1477 1.00 9%
  754  1948 1.00 49%
  757   287 1.00 62%
  758   952 1.00 29%
  758  1173 1.00 2022SY
  759   403 0.97 14%
  759   452 1.00 20%
  759   806 1.00 68%
  760  1232 0.99 1,776
  762  1643 1.00 2022SY
  762  1702 0.98 2,531
  765    88 1.00 2022SY
  765   151 0.98 2,612
  766   599 1.00 2022SY
  767   665 0.99 2,382
  767  1365 0.99 1,210
  767  1477 1.00 157
  767  1511 1.00 326
  768  1805 0.99 1,210
  768  1946 0.94 1,234
  772   802 0.98 1,624
  772   953 0.99 694
  773   287 0.99 1,624
  773   405 1.00 364
  773   454 1.00 533
  789  1366 1.00 68%
  790  1807 1.00 49%
  790  1947 1.00 48%
  791  1478 1.00 8%
  791  1511 1.00 19%
  794   289 1.00 63%
  796   807 1.00 69%
  796  1230 0.98 1,809
  797   956 1.00 29%
  797  1173 1.00 2021SY
  797  1642 1.00 2021SY
  798   405 0.91 13%
  798   456 0.99 20%
  798  1702 0.98 2,526
  804   599 1.00 2021SY
  804   663 0.98 2,417
  804  1364 0.98 1,230
  804  1515 1.00 344
  805   152 0.99 2,636
  805  1480 1.00 151
  806    89 1.00 2021SY
  806  1807 0.98 1,230
  806  1947 0.98 1,212
  810   289 0.99 1,661
  810   405 0.99 347
  810   456 1.00 538
  811   805 0.96 1,661
  811   957 1.00 697
  828  1364 1.00 66%
  828  1805 1.00 47%
  829  1472 0.97 %8
  830  1509 1.00 22%
  830  1946 1.00 50%
  834   291 0.76 61%
  834   458 1.00 22%
  836   956 1.00 28%
  837   405 0.90 13%
  837   809 1.00 69%
  837  1174 1.00 2020SY
  837  1234 0.99 1,803
  837  1643 0.95 2020 SY
  837  1702 0.98 2,507
  842  1362 0.98 1,182
  843   599 1.00 2020SY
  843   664 0.98 2,412
  843  1472 0.99 144
  843  1512 1.00 392
  843  1804 0.99 1,182
  844    88 1.00 2020SY
  844   152 0.98 2,706
  844  1944 0.98 1,258
  849   289 0.99 1,663
  849   459 1.00 605
  850   406 1.00 347
  850   806 0.99 1,663
  850   957 1.00 678
  866  1383 0.95 70%
  867  1979 1.00 47%
  868  1550 0.97 19%
  868  1821 1.00 50%
  871  1171 0.99 2019SY
  871  1514 0.91 7%
  873  1231 0.98 2,064
  873  1642 1.00 2019SY
  875   309 1.00 66%
  875   442 0.95 12%
  875   494 1.00 19%
  875  1701 0.98 2,868
  877   827 1.00 72%
  877   998 1.00 26%
  879  1977 0.95 1,350
  880  1382 0.94 1,446
  881  1511 0.99 144
  881  1550 0.86 394
  881  1819 0.98 1,446
  882   152 0.98 2,996
  882   599 1.00 2019SY
  882   663 0.98 2,756
  884    89 1.00 2019SY
  887   823 0.98 1,979
  888   306 0.98 1,979
  888   442 0.99 351
  890   495 1.00 569
  891   999 1.00 720
  903  1510 0.99 9%
  904  1383 1.00 68%
  905  1819 1.00 50%
  905  1979 1.00 48%
  906  1555 0.98 19%
  912   312 1.00 66%
  912  1173 1.00 2018SY
  912  1642 0.99 2018SY
  912  1697 0.98 2,866
  913   831 1.00 72%
  913  1007 1.00 26%
  913  1231 0.98 2,096
  915   454 1.00 13%
  915   508 0.98 18%
  918  1382 0.97 1,435
  919  1817 0.96 1,435
  919  1977 0.92 1,363
  920  1511 0.99 181
  920  1557 1.00 396
  921    88 1.00 2018SY
  921   599 1.00 2018SY
  921   663 0.99 2,859
  922   154 0.95 3,125
  928   310 0.97 2,058
  928   510 1.00 562
  929   454 1.00 399
  929   829 0.96 2,058
  930  1011 1.00 740
  945  1425 1.00 1000
  945  1504 1.00 1500
  945  1581 0.98 2000
  945  1852 1.00 1000
  945  1965 1.00 2000
  946  1354 1.00 500
  946  1799 1.00 500
  946  1910 1.00 1500
  946  2025 1.00 2500
  946  2067 1.00 3000
  947  1287 0.97 0
  948  1752 0.97 0
  955   366 1.00 1500
  955   891 1.00 1500
  956   258 1.00 500
  956   771 1.00 500
  957   212 0.96 0
  957   311 1.00 1000
  957   422 1.00 2000
  957   479 1.00 2500
  957   536 1.00 3000
  957   720 0.91 0
  957   831 1.00 1000
  957   954 1.00 2000
  957  1016 1.00 2500
  957  1064 1.00 3000
  968  1402 0.98 Number of Students
  968  1870 0.99 Number of Students
  974   845 0.98 Number of Students
  975   338 0.96 Number of Students
  986  1329 0.93 Note:BVsD students only.For information on home school and private school enrollment seereports underHome School/Private School’ tab.
  996   257 0.96 Note:BVSD students only.Forinformation onhome schoolandprivateschoolenrollment seereports underHomeSchool/PrivateSchooltab.
 1140    82 1.00 BVSD
 1147  2085 1.00 18
