   63   515 1.00 Enrollment Change by Region
   65    54 1.00 Elementary
  215   766 1.00 Boulder
  215  1448 1.00 Louisville-Superior
  261   472 1.00 7000
  261  1236 1.00 3000
  298   471 1.00 6000
  299   777 0.97 2,466 open seats
  299  1542 0.99 1,006 open seats
  306  1236 1.00 2500
  336   471 1.00 5000
  349  1236 1.00 2000
  375   472 1.00 4000
  393  1236 1.00 1500
  413   472 1.00 3000
  438  1237 1.00 1000
  449   471 1.00 2000
  482  1247 1.00 500
  487   471 1.00 1000
  495   105 0.99 ACTUAL
  528  1272 0.96 0
  529   510 0.95 0
  558   547 0.97 20
  558   999 0.95 28
  558  1056 0.85 29
  558  1309 0.94 20
  558  1422 0.82 飞
  558  1763 0.83 28
  559   659 0.84 22
  559   944 0.95 2
  560   602 0.61 2
  560   716 0.95 23
  560  1115 0.86 30
  560  1480 0.91 23
  560  1707 0.76 2
  560  1880 0.80 30
  561    95 1.00 PROJECTED
  562   889 0.93 2
  565  1316 1.00 2020-
  566   499 0.99 2019-
  566   553 1.00 2020-
  567  1771 1.00 2028-
  568  1007 0.99 2028-
  568  1264 0.99 2019-
  568  1717 0.93 2027-
  570   954 0.98 2027-
  570  1429 0.94 2022-
  571   611 0.91 2021-
  571   670 0.92 2022-
  571  1065 0.96 2029-
  571  1376 0.99 2021
  571  1829 0.98 2029-
  622    89 1.00 --- Capacity
  681   720 1.00 Lafayette-Erie
  681  1508 1.00 Broomfield
  703    95 0.95 — Preliminary
  727   470 1.00 3000
  727  1236 1.00 1800
  747   140 1.00 Enrollment
  752   662 1.00 402openseats
  755  1236 1.00 1600
  758  1547 0.96 468open seats
  769   471 1.00 2500
  783  1236 1.00 1400
  811  1236 1.00 1200
  813   471 1.00 2000
  841  1237 1.00 1000
  856   471 1.00 1500
  869  1247 1.00 800
  897   471 1.00 1000
  897  1248 1.00 600
  926  1248 1.00 400
  941   482 1.00 500
  956  1248 1.00 200
  986  1272 0.98 0
  987   508 0.90 0
 1002  1713 1.00 2027-28
 1003   499 1.00 2019-20
 1003  1263 1.00 2019-20
 1005   950 1.00 2027-28
 1006   554 1.00 2020-21
 1006  1318 1.00 2020-21
 1014  1534 0.98 24
 1015   659 0.71 飞
 1015  1422 0.68 飞
 1016   772 0.74 2A
 1016  1707 0.84 2
 1016  1818 0.79 29
 1016  1878 0.89 30
 1018   717 0.83 23
 1018   944 0.91 2
 1018  1480 0.93 23
 1019  1115 0.76 30
 1024   670 1.00 2022-
 1024  1375 0.99 2021-
 1024  1772 1.00 2028-
 1025   613 0.97 2021-
 1025  1009 0.99 2028-
 1025  1066 0.96 2029-
 1025  1432 1.00 2022-
 1025  1490 0.99 2023-
 1025  1604 0.99 2025-
 1025  1830 0.98 2029-
 1026   729 0.99 2023-
 1026   842 0.99 2025-
 1026  1659 0.95 2026-
 1028   786 0.97 2024-
 1141    77 1.00 BVSD
 1148  2085 1.00 13
